[gd_scene load_steps=34 format=2]

[ext_resource path="res://addons/animation_toolbar/VoxelRoot.gd" type="Script" id=1]
[ext_resource path="res://addons/animation_toolbar/voxel_root_icon.png" type="Texture" id=2]
[ext_resource path="res://addons/animation_toolbar/MagicaVoxelInstance.gd" type="Script" id=3]
[ext_resource path="res://addons/animation_toolbar/voxel_model_icon.png" type="Texture" id=4]
[ext_resource path="res://src/FrameByFrameHelper.gd" type="Script" id=5]
[ext_resource path="res://src/PostProcessPreview.gd" type="Script" id=6]
[ext_resource path="res://src/ViewportHandler.gd" type="Script" id=7]

[sub_resource type="Curve3D" id=1]

bake_interval = 0.2
_data = {
"points": PoolVector3Array(  ),
"tilts": PoolRealArray(  )
}

[sub_resource type="Curve3D" id=2]

bake_interval = 0.2
_data = {
"points": PoolVector3Array(  ),
"tilts": PoolRealArray(  )
}

[sub_resource type="Curve3D" id=3]

bake_interval = 0.2
_data = {
"points": PoolVector3Array( 0, 0, 0, 0, 0, 0, 0, 0, 0, 0, 0, 0, 0, 0, 0, 16.0149, 19.6908, -10.0895 ),
"tilts": PoolRealArray( 0, 0 )
}

[sub_resource type="Curve3D" id=4]

bake_interval = 0.2
_data = {
"points": PoolVector3Array(  ),
"tilts": PoolRealArray(  )
}

[sub_resource type="Curve3D" id=5]

bake_interval = 0.2
_data = {
"points": PoolVector3Array( 0, 0, 0, 0, 0, 0, 0, 0, 0, 0, 0, 0, 0, 0, 0, 2.22929, -5.11569, 5.17588, 0, 0, 0, 0, 0, 0, 9.29165, -5.48988, -10.8747 ),
"tilts": PoolRealArray( 0, 0, 0 )
}

[sub_resource type="Curve3D" id=6]

bake_interval = 0.2
_data = {
"points": PoolVector3Array(  ),
"tilts": PoolRealArray(  )
}

[sub_resource type="Curve3D" id=7]

bake_interval = 0.2
_data = {
"points": PoolVector3Array(  ),
"tilts": PoolRealArray(  )
}

[sub_resource type="Curve3D" id=8]

bake_interval = 0.2
_data = {
"points": PoolVector3Array(  ),
"tilts": PoolRealArray(  )
}

[sub_resource type="Curve3D" id=9]

bake_interval = 0.2
_data = {
"points": PoolVector3Array(  ),
"tilts": PoolRealArray(  )
}

[sub_resource type="Curve3D" id=10]

bake_interval = 0.2
_data = {
"points": PoolVector3Array(  ),
"tilts": PoolRealArray(  )
}

[sub_resource type="Animation" id=11]

length = 0.04
loop = true
step = 0.01
tracks/0/type = "value"
tracks/0/path = NodePath("Spatial/Body:transform")
tracks/0/interp = 1
tracks/0/loop_wrap = true
tracks/0/imported = false
tracks/0/enabled = true
tracks/0/keys = {
"times": PoolRealArray( 0, 0.03 ),
"transitions": PoolRealArray( 1, 1 ),
"update": 0,
"values": [ Transform( 0.399631, -3.27825e-007, 0.916675, 0.313522, 0.939692, -0.136682, -0.861392, 0.34202, 0.37553, 0, 3, 1.78814e-007 ), Transform( 0.924696, 0, 0.380703, 0, 1, 0, -0.380702, 0, 0.924697, 0, 4, -1.78814e-007 ) ]
}
tracks/1/type = "value"
tracks/1/path = NodePath("Spatial/Body/Head:transform")
tracks/1/interp = 1
tracks/1/loop_wrap = true
tracks/1/imported = false
tracks/1/enabled = true
tracks/1/keys = {
"times": PoolRealArray( 0, 0.03 ),
"transitions": PoolRealArray( 1, 1 ),
"update": 0,
"values": [ Transform( 0.969064, -0.0116539, -0.24653, 0.018777, 0.999468, 0.0265626, 0.246091, -0.0303698, 0.968769, 0.430798, 4.98673, -1.19209e-007 ), Transform( 0.606484, -0.0347383, 0.794335, 0.130718, 0.989805, -0.0565176, -0.784276, 0.138111, 0.604843, 0.583374, 4.95847, -0.370595 ) ]
}
tracks/2/type = "value"
tracks/2/path = NodePath("Spatial/Body/Back:transform")
tracks/2/interp = 1
tracks/2/loop_wrap = true
tracks/2/imported = false
tracks/2/enabled = true
tracks/2/keys = {
"times": PoolRealArray( 0 ),
"transitions": PoolRealArray( 1 ),
"update": 0,
"values": [ Transform( 0.998827, -0.0484195, 0.000511259, 0.0484194, 0.998604, -0.0211088, 0.000511467, 0.0211087, 0.999778, 1.19903, 1.86933, 0.454854 ) ]
}
tracks/3/type = "value"
tracks/3/path = NodePath("Spatial/Body/ArmL/ArmL2:transform")
tracks/3/interp = 1
tracks/3/loop_wrap = true
tracks/3/imported = false
tracks/3/enabled = true
tracks/3/keys = {
"times": PoolRealArray( 0, 0.03 ),
"transitions": PoolRealArray( 1, 1 ),
"update": 0,
"values": [ Transform( 0.474501, 0.218802, -0.852628, -0.114845, 0.975724, 0.186478, 0.872731, 0.00943611, 0.488111, 0.60315, -2.02699, -0.0385137 ), Transform( -0.755484, -0.643284, 0.124226, 0.597195, -0.754121, -0.27324, 0.269454, -0.13224, 0.95389, -0.0697579, -3.98624, -0.045764 ) ]
}
tracks/4/type = "value"
tracks/4/path = NodePath("Spatial/Body/ArmL:transform")
tracks/4/interp = 1
tracks/4/loop_wrap = true
tracks/4/imported = false
tracks/4/enabled = true
tracks/4/keys = {
"times": PoolRealArray( 0, 0.02, 0.03 ),
"transitions": PoolRealArray( 1, 1, 1 ),
"update": 0,
"values": [ Transform( 0.276769, 0.850539, 0.447191, -0.949613, 0.170863, 0.26275, 0.147072, -0.497378, 0.854974, -0.124159, 2.99831, -5.38182 ), Transform( -0.759389, 0.467892, -0.452108, -0.553021, -0.0980956, 0.82737, 0.342771, 0.878322, 0.333249, -0.0518762, 2.08696, -4.74251 ), Transform( -0.899804, -0.280018, -0.334576, -0.38022, 0.127197, 0.916107, -0.21397, 0.951528, -0.220921, 0.123913, 3.1207, -4.53319 ) ]
}
tracks/5/type = "value"
tracks/5/path = NodePath("Spatial/Body/ArmR:transform")
tracks/5/interp = 1
tracks/5/loop_wrap = true
tracks/5/imported = false
tracks/5/enabled = true
tracks/5/keys = {
"times": PoolRealArray( 0, 0.03 ),
"transitions": PoolRealArray( 1, 1 ),
"update": 0,
"values": [ Transform( 0.15655, 0.965121, 0.209828, -0.973904, 0.186188, -0.129768, -0.16431, -0.184037, 0.969086, -1.73931, 4.1663, 3.59404 ), Transform( 0.930697, 0.181476, 0.317594, -0.345627, 0.152043, 0.92597, 0.119754, -0.971568, 0.20423, 0.172506, 2.69479, 4.59857 ) ]
}
tracks/6/type = "value"
tracks/6/path = NodePath("Spatial/Body/ArmR/ArmR2:transform")
tracks/6/interp = 1
tracks/6/loop_wrap = true
tracks/6/imported = false
tracks/6/enabled = true
tracks/6/keys = {
"times": PoolRealArray( 0, 0.01, 0.02, 0.03 ),
"transitions": PoolRealArray( 1, 1, 1, 1 ),
"update": 0,
"values": [ Transform( -0.325613, -0.311101, -0.892858, -0.944833, 0.142643, 0.294867, 0.0356267, 0.93961, -0.340386, -0.717459, -3.16208, 0.152144 ), Transform( -0.397995, 0.333448, -0.854644, -0.797081, 0.335509, 0.502094, 0.454162, 0.881047, 0.132254, -0.717459, -3.16208, 0.152145 ), Transform( 0.0726233, 0.784605, -0.615729, -0.58723, 0.532641, 0.609472, 0.806156, 0.317311, 0.499427, -0.717458, -3.16208, 0.152145 ), Transform( -0.570902, 0.274446, -0.773791, 0.201563, 0.960483, 0.191948, 0.795892, -0.0463827, -0.603661, -0.717458, -3.16208, 0.152146 ) ]
}
tracks/7/type = "value"
tracks/7/path = NodePath("Spatial/Body/LegL:transform")
tracks/7/interp = 1
tracks/7/loop_wrap = true
tracks/7/imported = false
tracks/7/enabled = true
tracks/7/keys = {
"times": PoolRealArray( 0, 0.03 ),
"transitions": PoolRealArray( 1, 1 ),
"update": 0,
"values": [ Transform( 0.446799, 0.222654, -0.866487, -0.0105322, 0.969775, 0.243767, 0.894574, -0.099788, 0.435641, 0.613801, 0.369258, -2.62311 ), Transform( 0.744909, 0.202184, -0.635796, -0.385553, 0.908188, -0.162913, 0.544484, 0.366486, 0.754472, -0.286643, -1.3239, -2.2983 ) ]
}
tracks/8/type = "value"
tracks/8/path = NodePath("Spatial/Body/LegR:transform")
tracks/8/interp = 1
tracks/8/loop_wrap = true
tracks/8/imported = false
tracks/8/enabled = true
tracks/8/keys = {
"times": PoolRealArray( 0, 0.03 ),
"transitions": PoolRealArray( 1, 1 ),
"update": 0,
"values": [ Transform( 0.880783, 0.237253, 0.409793, -0.258802, 0.965924, -0.00297808, -0.396536, -0.103432, 0.912174, -2.32265, 1.55752, 4.01289 ), Transform( 0.229913, 0.174611, 0.95742, -0.455623, 0.888612, -0.05265, -0.859968, -0.424116, 0.283862, -0.532679, -1.06622, 2.47381 ) ]
}
tracks/9/type = "value"
tracks/9/path = NodePath("Spatial/Body/Waist:transform")
tracks/9/interp = 1
tracks/9/loop_wrap = true
tracks/9/imported = false
tracks/9/enabled = true
tracks/9/keys = {
"times": PoolRealArray( 0, 0.03 ),
"transitions": PoolRealArray( 1, 1 ),
"update": 0,
"values": [ Transform( 0.82331, 0.567589, 0.00139418, -0.567286, 0.822783, 0.0348295, 0.0186219, -0.0294663, 0.999392, -1.23238, 0.186666, -5.36094 ), Transform( 0.82331, 0.567589, 0.00139418, -0.567286, 0.822783, 0.0348295, 0.0186219, -0.0294663, 0.999392, -1.23238, 0.186666, -5.36094 ) ]
}
tracks/10/type = "value"
tracks/10/path = NodePath("Spatial/Body/ArmR:visible")
tracks/10/interp = 1
tracks/10/loop_wrap = true
tracks/10/imported = false
tracks/10/enabled = true
tracks/10/keys = {
"times": PoolRealArray( 0 ),
"transitions": PoolRealArray( 1 ),
"update": 1,
"values": [ true ]
}

[sub_resource type="Animation" id=12]

length = 0.08
loop = true
step = 0.01
tracks/0/type = "value"
tracks/0/path = NodePath("Spatial/Body:transform")
tracks/0/interp = 1
tracks/0/loop_wrap = true
tracks/0/imported = false
tracks/0/enabled = true
tracks/0/keys = {
"times": PoolRealArray( 0, 0.02, 0.04, 0.06 ),
"transitions": PoolRealArray( 1, 1, 1, 1 ),
"update": 0,
"values": [ Transform( 0.855846, -0.452723, -0.250139, 0.436873, 0.89162, -0.118975, 0.276892, -0.0074546, 0.960872, 0, 4, 0 ), Transform( 0.889349, -0.447973, -0.0915263, 0.436873, 0.89162, -0.118975, 0.134904, 0.0658251, 0.988669, 0, 4.65573, 0 ), Transform( 0.89946, -0.431441, 0.0694937, 0.426736, 0.90142, 0.0730696, -0.0941682, -0.0360678, 0.994903, 0, 4, 0 ), Transform( 0.889349, -0.447974, -0.0915263, 0.436873, 0.89162, -0.118975, 0.134904, 0.0658252, 0.988669, 0, 4.53708, 0 ) ]
}
tracks/1/type = "value"
tracks/1/path = NodePath("Spatial/Body/Head:transform")
tracks/1/interp = 1
tracks/1/loop_wrap = true
tracks/1/imported = false
tracks/1/enabled = true
tracks/1/keys = {
"times": PoolRealArray( 0, 0.02, 0.04, 0.06 ),
"transitions": PoolRealArray( 1, 1, 1, 1 ),
"update": 0,
"values": [ Transform( 0.920002, 0.317081, 0.230336, -0.331702, 0.943005, 0.0267285, -0.208733, -0.100993, 0.972743, 0.176811, 4.16519, -0.0620735 ), Transform( 0.935323, 0.33808, 0.104263, -0.343352, 0.938473, 0.0370674, -0.0853167, -0.0704689, 0.993858, 0.331248, 4.28905, -0.371076 ), Transform( 0.935164, 0.347946, -0.0663315, -0.350972, 0.935487, -0.0409512, 0.0478036, 0.0615766, 0.996956, 0.132976, 3.81109, 0.148657 ), Transform( 0.935323, 0.33808, 0.104263, -0.343352, 0.938473, 0.0370674, -0.0853167, -0.0704689, 0.993857, 0.518967, 4.67217, -0.422199 ) ]
}
tracks/2/type = "value"
tracks/2/path = NodePath("Spatial/Body/Back:transform")
tracks/2/interp = 1
tracks/2/loop_wrap = true
tracks/2/imported = false
tracks/2/enabled = true
tracks/2/keys = {
"times": PoolRealArray( 0, 0.04 ),
"transitions": PoolRealArray( 1, 1 ),
"update": 0,
"values": [ Transform( 0.926845, 0.322152, -0.192813, -0.315399, 0.946688, 0.0656128, 0.203671, 7.45058e-008, 0.979039, 3.04293, 2.42015, -0.426674 ), Transform( 0.926845, 0.322152, -0.192813, -0.315399, 0.946688, 0.0656129, 0.203671, 5.96046e-008, 0.979039, 2.47692, 3.18749, -1.08216 ) ]
}
tracks/3/type = "value"
tracks/3/path = NodePath("Spatial/Body/ArmL/ArmL2:transform")
tracks/3/interp = 1
tracks/3/loop_wrap = true
tracks/3/imported = false
tracks/3/enabled = true
tracks/3/keys = {
"times": PoolRealArray( 0, 0.02, 0.04 ),
"transitions": PoolRealArray( 1, 1, 1 ),
"update": 0,
"values": [ Transform( 0.0662933, 0.881557, 0.4674, -0.929061, -0.116321, 0.351167, 0.36394, -0.457521, 0.811309, 0.103496, -2.31294, -0.0513687 ), Transform( 0.884879, 0.45615, 0.0944395, -0.366013, 0.806246, -0.464762, -0.288142, 0.37669, 0.880387, 0.278262, -2.31298, -0.214324 ), Transform( 0.479852, 0.877067, 0.0222709, -0.83998, 0.466595, -0.276993, -0.253333, 0.114209, 0.960616, 0.964563, -1.89451, -0.366454 ) ]
}
tracks/4/type = "value"
tracks/4/path = NodePath("Spatial/Body/ArmL:transform")
tracks/4/interp = 1
tracks/4/loop_wrap = true
tracks/4/imported = false
tracks/4/enabled = true
tracks/4/keys = {
"times": PoolRealArray( 0, 0.04 ),
"transitions": PoolRealArray( 1, 1 ),
"update": 0,
"values": [ Transform( 0.482633, 0.854907, 0.190248, -0.872463, 0.488305, 0.0190465, -0.0766161, -0.175177, 0.98155, -1.87281, 3.99908, -4.5546 ), Transform( 0.906067, -0.418989, 0.059058, 0.410062, 0.903907, 0.121641, -0.10435, -0.0859979, 0.990815, -0.129838, 3.54931, -5.22456 ) ]
}
tracks/5/type = "value"
tracks/5/path = NodePath("Spatial/Body/ArmR:transform")
tracks/5/interp = 1
tracks/5/loop_wrap = true
tracks/5/imported = false
tracks/5/enabled = true
tracks/5/keys = {
"times": PoolRealArray( 0, 0.04 ),
"transitions": PoolRealArray( 1, 1 ),
"update": 0,
"values": [ Transform( 0.755418, -0.654324, 0.0346516, 0.654348, 0.756093, 0.0122119, -0.0341904, 0.0134492, 0.999324, 0.738488, 3.57296, 5.08813 ), Transform( 0.582003, 0.803646, 0.124193, -0.812597, 0.580567, 0.051247, -0.0309182, -0.130745, 0.990933, -0.31007, 5.21265, 3.76174 ) ]
}
tracks/6/type = "value"
tracks/6/path = NodePath("Spatial/Body/ArmR/ArmR2:transform")
tracks/6/interp = 1
tracks/6/loop_wrap = true
tracks/6/imported = false
tracks/6/enabled = true
tracks/6/keys = {
"times": PoolRealArray( 0, 0.04, 0.06 ),
"transitions": PoolRealArray( 1, 1, 1 ),
"update": 0,
"values": [ Transform( 0.610806, 0.770513, 0.182279, -0.757909, 0.635586, -0.146984, -0.229107, -0.0483721, 0.972198, 0.36978, -1.81718, 0.297093 ), Transform( 0.229853, 0.857784, -0.459753, -0.961748, 0.127866, -0.24226, -0.14902, 0.49785, 0.854364, 0.0931449, -2.0833, -0.24124 ), Transform( 0.973386, 0.148161, 0.174836, -0.181782, 0.963737, 0.195358, -0.139552, -0.221941, 0.965022, -0.0235436, -2.1769, -0.107343 ) ]
}
tracks/7/type = "value"
tracks/7/path = NodePath("Spatial/Body/LegL:transform")
tracks/7/interp = 1
tracks/7/loop_wrap = true
tracks/7/imported = false
tracks/7/enabled = true
tracks/7/keys = {
"times": PoolRealArray( 0, 0.02, 0.03, 0.04, 0.06 ),
"transitions": PoolRealArray( 1, 1, 1, 1, 1 ),
"update": 0,
"values": [ Transform( 0.700873, -0.662534, 0.264241, 0.661493, 0.742322, 0.106688, -0.266836, 0.100019, 0.958538, -0.976661, -0.619761, -2.39039 ), Transform( -0.0578505, -0.979415, 0.193383, 0.990544, -0.0804487, -0.111122, 0.124392, 0.185125, 0.974811, -2.04407, -2.04146, -2.3407 ), Transform( 0.653495, 0.749942, 0.102606, -0.716147, 0.656473, -0.237011, -0.245103, 0.0814044, 0.966073, -0.436651, 0.420387, -2.05026 ), Transform( 0.20406, 0.976605, 0.0678081, -0.957734, 0.213501, -0.192769, -0.202736, -0.0256052, 0.978898, -1.79856, -0.263434, -1.65848 ), Transform( 0.871315, 0.446729, 0.203076, -0.440415, 0.894408, -0.0778921, -0.21643, -0.0215691, 0.97606, -0.97666, -0.619761, -2.39039 ) ]
}
tracks/8/type = "value"
tracks/8/path = NodePath("Spatial/Body/LegR:transform")
tracks/8/interp = 1
tracks/8/loop_wrap = true
tracks/8/imported = false
tracks/8/enabled = true
tracks/8/keys = {
"times": PoolRealArray( 0, 0.02, 0.04, 0.06, 0.07 ),
"transitions": PoolRealArray( 1, 1, 1, 1, 1 ),
"update": 0,
"values": [ Transform( 0.565593, 0.817429, 0.10914, -0.821387, 0.570198, -0.0139993, -0.0736749, -0.0817279, 0.993927, -1.29241, -0.463899, 2.06218 ), Transform( 0.916697, 0.379922, -0.123789, -0.373474, 0.924793, 0.0726043, 0.142064, -0.0203241, 0.989648, -0.908074, -0.609903, 1.84449 ), Transform( 0.641432, -0.691477, -0.3323, 0.719038, 0.692878, -0.0538562, 0.267484, -0.204391, 0.941634, -0.523739, -0.755908, 1.6268 ), Transform( 0.431022, -0.899972, -0.0653351, 0.902088, 0.428057, 0.0548032, -0.0213542, -0.0825597, 0.996357, -1.54069, -1.35436, 2.66523 ), Transform( 0.747043, 0.648803, 0.144843, -0.662758, 0.74384, 0.0863158, -0.0517384, -0.160478, 0.985682, -0.986125, 0.809169, 2.32908 ) ]
}
tracks/9/type = "value"
tracks/9/path = NodePath("Spatial/Body/Back:rotation_degrees")
tracks/9/interp = 1
tracks/9/loop_wrap = true
tracks/9/imported = false
tracks/9/enabled = true
tracks/9/keys = {
"times": PoolRealArray( 0.04 ),
"transitions": PoolRealArray( 1 ),
"update": 0,
"values": [ Vector3( -3.76204, -11.1413, -18.426 ) ]
}
tracks/10/type = "value"
tracks/10/path = NodePath("Spatial/Body/Waist:transform")
tracks/10/interp = 1
tracks/10/loop_wrap = true
tracks/10/imported = false
tracks/10/enabled = true
tracks/10/keys = {
"times": PoolRealArray( 0, 0.02, 0.04, 0.06 ),
"transitions": PoolRealArray( 1, 1, 1, 1 ),
"update": 0,
"values": [ Transform( 0.913624, 0.406558, -0.00120407, -0.405546, 0.91155, 0.0678731, 0.0286919, -0.0615221, 0.997693, -2.49718, 0.76636, -4.88103 ), Transform( 0.69765, 0.711913, 0.0803896, -0.714224, 0.682287, 0.1561, 0.0562811, -0.166319, 0.984464, -2.48458, 0.753319, -4.96019 ), Transform( 0.915756, 0.39914, -0.0455728, -0.401732, 0.910224, -0.100504, 0.00136623, 0.110345, 0.993892, -2.06031, 1.65798, -5 ), Transform( 0.743963, 0.666895, 0.0420533, -0.666591, 0.736287, 0.116342, 0.046625, -0.114587, 0.992318, -2.27875, 1.21217, -4.94051 ) ]
}
tracks/11/type = "value"
tracks/11/path = NodePath("Spatial/Body/ArmR:visible")
tracks/11/interp = 1
tracks/11/loop_wrap = true
tracks/11/imported = false
tracks/11/enabled = true
tracks/11/keys = {
"times": PoolRealArray( 0 ),
"transitions": PoolRealArray( 1 ),
"update": 1,
"values": [ true ]
}

[sub_resource type="Animation" id=13]

length = 0.08
loop = true
step = 0.01
tracks/0/type = "value"
tracks/0/path = NodePath("Spatial/Body:transform")
tracks/0/interp = 1
tracks/0/loop_wrap = true
tracks/0/imported = false
tracks/0/enabled = true
tracks/0/keys = {
"times": PoolRealArray( 0, 0.02, 0.04, 0.06 ),
"transitions": PoolRealArray( 1, 1, 1, 1 ),
"update": 0,
"values": [ Transform( -0.901029, 0.430856, -0.0500911, 0.433275, 0.899449, -0.0571163, 0.0204455, -0.0731667, -0.99711, -3.6759, 4.33773, 0 ), Transform( -0.898531, 0.437099, -0.0398133, 0.437438, 0.899248, 0.000204514, 0.0358914, -0.0172321, -0.999207, -4.16895, 4.7978, 0 ), Transform( -0.896228, 0.442758, 0.0271813, 0.44359, 0.894406, 0.0571408, 0.000988458, 0.0632686, -0.997996, -2.97253, 3.78567, 0 ), Transform( -0.890169, 0.433891, 0.139056, 0.438163, 0.898895, 0.000123518, -0.124944, 0.0610393, -0.990284, -3.67358, 4.62194, 0 ) ]
}
tracks/1/type = "value"
tracks/1/path = NodePath("Spatial/Body/Head:transform")
tracks/1/interp = 1
tracks/1/loop_wrap = true
tracks/1/imported = false
tracks/1/enabled = true
tracks/1/keys = {
"times": PoolRealArray( 0, 0.02, 0.04, 0.06 ),
"transitions": PoolRealArray( 1, 1, 1, 1 ),
"update": 0,
"values": [ Transform( 0.910717, 0.320104, 0.261014, -0.352792, 0.931501, 0.088561, -0.214786, -0.172738, 0.961264, -0.0635891, 3.47871, -0.782511 ), Transform( 0.935323, 0.33808, 0.104263, -0.343352, 0.938473, 0.0370674, -0.0853167, -0.0704689, 0.993858, 0.331248, 4.28905, -0.371076 ), Transform( 0.93186, 0.356947, -0.064989, -0.359627, 0.932425, -0.0352984, 0.0479978, 0.0562649, 0.99726, 0.158971, 3.75986, -0.814886 ), Transform( 0.935323, 0.33808, 0.104263, -0.343352, 0.938473, 0.0370674, -0.0853167, -0.0704689, 0.993857, 0.518967, 4.67217, -0.422199 ) ]
}
tracks/2/type = "value"
tracks/2/path = NodePath("Spatial/Body/Back:transform")
tracks/2/interp = 1
tracks/2/loop_wrap = true
tracks/2/imported = false
tracks/2/enabled = true
tracks/2/keys = {
"times": PoolRealArray( 0, 0.04 ),
"transitions": PoolRealArray( 1, 1 ),
"update": 0,
"values": [ Transform( 0.914612, 0.308796, -0.261021, -0.33905, 0.937446, -0.0789974, 0.220299, 0.160751, 0.962095, 2.92018, 2.16534, -0.410493 ), Transform( 0.955903, 0.289174, -0.0512823, -0.253212, 0.899964, 0.354894, 0.148778, -0.326259, 0.933499, 3.04293, 2.42015, -0.426674 ) ]
}
tracks/3/type = "value"
tracks/3/path = NodePath("Spatial/Body/ArmL/ArmL2:transform")
tracks/3/interp = 1
tracks/3/loop_wrap = true
tracks/3/imported = false
tracks/3/enabled = true
tracks/3/keys = {
"times": PoolRealArray( 0, 0.02, 0.04 ),
"transitions": PoolRealArray( 1, 1, 1 ),
"update": 0,
"values": [ Transform( 0.0662933, 0.881557, 0.4674, -0.929061, -0.116321, 0.351167, 0.36394, -0.457521, 0.811309, 0.103496, -2.31294, -0.0513687 ), Transform( 0.884879, 0.45615, 0.0944395, -0.366013, 0.806246, -0.464762, -0.288142, 0.37669, 0.880387, 0.278262, -2.31298, -0.214324 ), Transform( 0.435582, 0.831922, 0.343761, -0.882429, 0.470044, -0.0194033, -0.177725, -0.294893, 0.938858, 0.453027, -2.31302, -0.377278 ) ]
}
tracks/4/type = "value"
tracks/4/path = NodePath("Spatial/Body/ArmL:transform")
tracks/4/interp = 1
tracks/4/loop_wrap = true
tracks/4/imported = false
tracks/4/enabled = true
tracks/4/keys = {
"times": PoolRealArray( 0, 0.04 ),
"transitions": PoolRealArray( 1, 1 ),
"update": 0,
"values": [ Transform( 0.537615, 0.843103, 0.0119785, -0.784506, 0.505355, -0.359392, -0.309058, 0.183817, 0.933109, -1.85547, 3.93702, -5.40038 ), Transform( 0.894355, -0.421003, -0.151268, 0.363983, 0.8814, -0.301074, 0.260081, 0.214208, 0.941525, 0.561164, 4.94256, -5.13555 ) ]
}
tracks/5/type = "value"
tracks/5/path = NodePath("Spatial/Body/ArmR:transform")
tracks/5/interp = 1
tracks/5/loop_wrap = true
tracks/5/imported = false
tracks/5/enabled = true
tracks/5/keys = {
"times": PoolRealArray( 0, 0.04 ),
"transitions": PoolRealArray( 1, 1 ),
"update": 0,
"values": [ Transform( 0.956747, -0.288515, -0.0373092, 0.290778, 0.952351, 0.0920537, 0.00897259, -0.098921, 0.995054, 0.270827, 3.4396, 3.73082 ), Transform( 0.582003, 0.803646, 0.124193, -0.812597, 0.580567, 0.051247, -0.0309182, -0.130745, 0.990933, -0.31007, 5.21265, 3.76174 ) ]
}
tracks/6/type = "value"
tracks/6/path = NodePath("Spatial/Body/ArmR/ArmR2:transform")
tracks/6/interp = 1
tracks/6/loop_wrap = true
tracks/6/imported = false
tracks/6/enabled = true
tracks/6/keys = {
"times": PoolRealArray( 0, 0.04, 0.06 ),
"transitions": PoolRealArray( 1, 1, 1 ),
"update": 0,
"values": [ Transform( 0.605732, 0.793418, 0.0598014, -0.772895, 0.568877, 0.281093, 0.189004, -0.216487, 0.957816, 0.449615, -1.51915, 0.289069 ), Transform( 0.229853, 0.857784, -0.459753, -0.961748, 0.127866, -0.24226, -0.14902, 0.49785, 0.854364, 0.0931449, -2.0833, -0.24124 ), Transform( 0.973386, 0.148161, 0.174836, -0.181782, 0.963737, 0.195358, -0.139552, -0.221941, 0.965022, -0.0235436, -2.1769, -0.107343 ) ]
}
tracks/7/type = "value"
tracks/7/path = NodePath("Spatial/Body/LegL:transform")
tracks/7/interp = 1
tracks/7/loop_wrap = true
tracks/7/imported = false
tracks/7/enabled = true
tracks/7/keys = {
"times": PoolRealArray( 0, 0.02, 0.03, 0.04, 0.06 ),
"transitions": PoolRealArray( 1, 1, 1, 1, 1 ),
"update": 0,
"values": [ Transform( 0.700873, -0.662534, 0.264241, 0.661493, 0.742322, 0.106688, -0.266836, 0.100019, 0.958538, -0.976661, -0.619761, -2.39039 ), Transform( -0.0578505, -0.979415, 0.193383, 0.990544, -0.0804487, -0.111122, 0.124392, 0.185125, 0.974811, -2.04407, -2.04146, -2.3407 ), Transform( 0.653495, 0.749942, 0.102606, -0.716147, 0.656473, -0.237011, -0.245103, 0.0814044, 0.966073, -0.436651, 0.420387, -2.05026 ), Transform( 0.20406, 0.976605, 0.0678081, -0.957734, 0.213501, -0.192769, -0.202736, -0.0256052, 0.978898, -1.79856, -0.263434, -1.65848 ), Transform( 0.871315, 0.446729, 0.203076, -0.440415, 0.894408, -0.0778921, -0.21643, -0.0215691, 0.97606, -0.97666, -0.619761, -2.39039 ) ]
}
tracks/8/type = "value"
tracks/8/path = NodePath("Spatial/Body/LegR:transform")
tracks/8/interp = 1
tracks/8/loop_wrap = true
tracks/8/imported = false
tracks/8/enabled = true
tracks/8/keys = {
"times": PoolRealArray( 0, 0.02, 0.04, 0.06, 0.07 ),
"transitions": PoolRealArray( 1, 1, 1, 1, 1 ),
"update": 0,
"values": [ Transform( 0.565593, 0.817429, 0.10914, -0.821387, 0.570198, -0.0139993, -0.0736749, -0.0817279, 0.993927, -1.29241, -0.463899, 2.06218 ), Transform( 0.916697, 0.379922, -0.123789, -0.373474, 0.924793, 0.0726043, 0.142064, -0.0203241, 0.989648, -0.908074, -0.609903, 1.84449 ), Transform( 0.641432, -0.691477, -0.3323, 0.719038, 0.692878, -0.0538562, 0.267484, -0.204391, 0.941634, -0.523739, -0.755908, 1.6268 ), Transform( 0.431022, -0.899972, -0.0653351, 0.902088, 0.428057, 0.0548032, -0.0213542, -0.0825597, 0.996357, -1.54069, -1.35436, 2.66523 ), Transform( 0.747043, 0.648803, 0.144843, -0.662758, 0.74384, 0.0863158, -0.0517384, -0.160478, 0.985682, -0.986125, 0.809169, 2.32908 ) ]
}
tracks/9/type = "value"
tracks/9/path = NodePath("Spatial/Body/Waist:transform")
tracks/9/interp = 1
tracks/9/loop_wrap = true
tracks/9/imported = false
tracks/9/enabled = true
tracks/9/keys = {
"times": PoolRealArray( 0, 0.02, 0.04, 0.06 ),
"transitions": PoolRealArray( 1, 1, 1, 1 ),
"update": 0,
"values": [ Transform( 0.913624, 0.406558, -0.00120407, -0.405546, 0.91155, 0.0678731, 0.0286919, -0.0615221, 0.997693, -2.49718, 0.76636, -4.88103 ), Transform( 0.69765, 0.711913, 0.0803896, -0.714224, 0.682287, 0.1561, 0.0562811, -0.166319, 0.984464, -2.48458, 0.753319, -4.96019 ), Transform( 0.915756, 0.39914, -0.0455728, -0.401732, 0.910224, -0.100504, 0.00136623, 0.110345, 0.993892, -2.06031, 1.65798, -5 ), Transform( 0.743963, 0.666895, 0.0420533, -0.666591, 0.736287, 0.116342, 0.046625, -0.114587, 0.992318, -2.27875, 1.21217, -4.94051 ) ]
}
tracks/10/type = "value"
tracks/10/path = NodePath("Spatial/Body/ArmR:visible")
tracks/10/interp = 1
tracks/10/loop_wrap = true
tracks/10/imported = false
tracks/10/enabled = true
tracks/10/keys = {
"times": PoolRealArray( 0 ),
"transitions": PoolRealArray( 1 ),
"update": 1,
"values": [ true ]
}

[sub_resource type="Animation" id=14]

length = 0.04
loop = true
step = 0.01
tracks/0/type = "value"
tracks/0/path = NodePath("Spatial/Body:transform")
tracks/0/interp = 1
tracks/0/loop_wrap = true
tracks/0/imported = false
tracks/0/enabled = true
tracks/0/keys = {
"times": PoolRealArray( 0, 0.01, 0.02, 0.03 ),
"transitions": PoolRealArray( 1, 1, 1, 1 ),
"update": 0,
"values": [ Transform( 0.712103, 1.11759e-008, 0.702074, -0.114747, 0.986553, 0.116387, -0.692633, -0.163441, 0.702528, 0, 9.50048, 0 ), Transform( 0.62162, -0.0625346, 0.780818, -0.0106777, 0.996039, 0.088272, -0.783245, -0.063209, 0.618491, 0, 9.6889, 0 ), Transform( 0.524478, 0.0331842, 0.850776, 0.0204381, 0.998462, -0.0515441, -0.851177, 0.0444221, 0.522994, 0, 9.87723, 0 ), Transform( 0.438452, 0.125288, 0.889979, 0.0868044, 0.979704, -0.180683, -0.894552, 0.156475, 0.418678, 0, 9.56561, 0 ) ]
}
tracks/1/type = "value"
tracks/1/path = NodePath("Spatial/Body/Head:transform")
tracks/1/interp = 1
tracks/1/loop_wrap = true
tracks/1/imported = false
tracks/1/enabled = true
tracks/1/keys = {
"times": PoolRealArray( 0, 0.01, 0.02, 0.03 ),
"transitions": PoolRealArray( 1, 1, 1, 1 ),
"update": 0,
"values": [ Transform( 0.811255, 0.0849333, 0.578487, -0.064536, 0.996352, -0.0557812, -0.581117, 0.00791956, 0.813779, 0.552538, 4.02609, -0.137141 ), Transform( 0.925122, -0.0141808, 0.379402, 0.0386595, 0.997624, -0.056978, -0.377693, 0.067379, 0.923474, 0.305248, 5.16817, -0.0345884 ), Transform( 0.994431, -0.0496093, 0.0929779, 0.0543579, 0.997303, -0.0492523, -0.0902847, 0.0540322, 0.994448, 0.344552, 4.80206, -0.230697 ), Transform( 0.942029, -0.0906734, 0.323043, 0.147293, 0.976814, -0.155344, -0.301469, 0.19392, 0.933545, -0.535081, 4.87998, 0.0332825 ) ]
}
tracks/2/type = "value"
tracks/2/path = NodePath("Spatial/Body/Back:transform")
tracks/2/interp = 1
tracks/2/loop_wrap = true
tracks/2/imported = false
tracks/2/enabled = true
tracks/2/keys = {
"times": PoolRealArray( 0, 0.03 ),
"transitions": PoolRealArray( 1, 1 ),
"update": 0,
"values": [ Transform( 0.991757, 0.128134, 0.000472754, -0.128087, 0.99128, 0.0309592, 0.00349823, -0.0307645, 0.999521, 1.36749, 3.04002, 0.887384 ), Transform( 0.991757, 0.128134, 0.000472665, -0.128087, 0.99128, 0.0309592, 0.00349838, -0.0307645, 0.999521, 2.75252, 5.45865, -0.269515 ) ]
}
tracks/3/type = "value"
tracks/3/path = NodePath("Spatial/Body/ArmL/ArmL2:transform")
tracks/3/interp = 1
tracks/3/loop_wrap = true
tracks/3/imported = false
tracks/3/enabled = true
tracks/3/keys = {
"times": PoolRealArray( 0, 0.03 ),
"transitions": PoolRealArray( 1, 1 ),
"update": 0,
"values": [ Transform( 0.859313, 0.510229, -0.0353427, -0.451782, 0.789636, 0.415172, 0.239742, -0.340795, 0.909055, 0.603149, -2.02699, -0.0385141 ), Transform( 0.30089, 0.950831, 0.0733858, -0.913872, 0.265485, 0.307176, 0.272592, -0.159491, 0.948818, 0.0753865, -2.51463, 1.17955 ) ]
}
tracks/4/type = "value"
tracks/4/path = NodePath("Spatial/Body/ArmL:transform")
tracks/4/interp = 1
tracks/4/loop_wrap = true
tracks/4/imported = false
tracks/4/enabled = true
tracks/4/keys = {
"times": PoolRealArray( 0, 0.03 ),
"transitions": PoolRealArray( 1, 1 ),
"update": 0,
"values": [ Transform( 0.934711, -0.330072, 0.13177, 0.349178, 0.783809, -0.51353, 0.0662189, 0.526014, 0.847893, -0.473425, 3.1207, -5.53409 ), Transform( 0.75739, 0.289863, -0.585095, -0.243694, 0.956801, 0.158554, 0.605779, 0.022497, 0.795313, -1.91339, 3.16256, -3.84944 ) ]
}
tracks/5/type = "value"
tracks/5/path = NodePath("Spatial/Body/ArmR:transform")
tracks/5/interp = 1
tracks/5/loop_wrap = true
tracks/5/imported = false
tracks/5/enabled = true
tracks/5/keys = {
"times": PoolRealArray( 0, 0.03 ),
"transitions": PoolRealArray( 1, 1 ),
"update": 0,
"values": [ Transform( 0.826532, 0.428849, 0.364596, -0.545406, 0.449997, 0.707128, 0.139184, -0.783318, 0.605835, -1.43051e-006, 3.79306, 5.01757 ), Transform( 0.853843, 0.376856, 0.359066, -0.51226, 0.485894, 0.708161, 0.0924071, -0.788595, 0.607927, 1.71581, 5.48271, 3.93441 ) ]
}
tracks/6/type = "value"
tracks/6/path = NodePath("Spatial/Body/ArmR/ArmR2:transform")
tracks/6/interp = 1
tracks/6/loop_wrap = true
tracks/6/imported = false
tracks/6/enabled = true
tracks/6/keys = {
"times": PoolRealArray( 0, 0.03 ),
"transitions": PoolRealArray( 1, 1 ),
"update": 0,
"values": [ Transform( 0.169754, 0.622434, -0.764042, -0.933945, 0.349056, 0.0768588, 0.314533, 0.700525, 0.640573, -0.187805, -2.32529, 0.0133514 ), Transform( 0.169754, 0.622434, -0.764042, -0.933945, 0.349056, 0.0768588, 0.314533, 0.700525, 0.640573, -0.187805, -2.32529, 0.0133514 ) ]
}
tracks/7/type = "value"
tracks/7/path = NodePath("Spatial/Body/LegL:transform")
tracks/7/interp = 1
tracks/7/loop_wrap = true
tracks/7/imported = false
tracks/7/enabled = true
tracks/7/keys = {
"times": PoolRealArray( 0, 0.01, 0.02, 0.03 ),
"transitions": PoolRealArray( 1, 1, 1, 1 ),
"update": 0,
"values": [ Transform( 0.70449, -0.203052, 0.680049, 0.34352, 0.936032, -0.0763815, -0.621038, 0.287419, 0.72918, -0.427196, -1.24393, -1.60547 ), Transform( 0.832235, -0.0509944, 0.552078, 0.207272, 0.952175, -0.224504, -0.514225, 0.301269, 0.803004, -0.250126, -1.16248, -1.95939 ), Transform( 0.989395, 0.0719272, -0.126223, -0.0645842, 0.996025, 0.0613408, 0.130134, -0.0525379, 0.990106, -1.27409, 0.938344, -1.56036 ), Transform( 0.700165, 0.636297, 0.323879, -0.693515, 0.713932, 0.0966468, -0.169731, -0.292282, 0.94115, -1.86454, -0.929689, -1.40046 ) ]
}
tracks/8/type = "value"
tracks/8/path = NodePath("Spatial/Body/LegR:transform")
tracks/8/interp = 1
tracks/8/loop_wrap = true
tracks/8/imported = false
tracks/8/enabled = true
tracks/8/keys = {
"times": PoolRealArray( 0, 0.01, 0.03 ),
"transitions": PoolRealArray( 1, 1, 1 ),
"update": 0,
"values": [ Transform( 0.887794, -0.0122501, 0.460076, 0.010289, 0.999922, 0.00676966, -0.460123, -0.00127615, 0.887854, -2.34295, 0.410701, 2.53241 ), Transform( 0.843001, -0.324873, 0.428726, 0.291662, 0.945747, 0.143161, -0.451975, 0.00435773, 0.892021, -1.58612, -0.182632, 2.75918 ), Transform( 0.875709, -0.46183, 0.140872, 0.436154, 0.881779, 0.179528, -0.207129, -0.0957731, 0.973614, 0.436135, 0.827153, 2.66618 ) ]
}
tracks/9/type = "value"
tracks/9/path = NodePath("Spatial/Body/Waist:transform")
tracks/9/interp = 1
tracks/9/loop_wrap = true
tracks/9/imported = false
tracks/9/enabled = true
tracks/9/keys = {
"times": PoolRealArray( 0, 0.03 ),
"transitions": PoolRealArray( 1, 1 ),
"update": 0,
"values": [ Transform( 0.675352, 0.255532, 0.691812, -0.499002, 0.84905, 0.173518, -0.543043, -0.462399, 0.700921, -1.41986, -0.419938, -5.6496 ), Transform( 0.963002, -0.170097, 0.20903, 0.226224, 0.931752, -0.284004, -0.146456, 0.320784, 0.93576, -0.207648, 0.00741959, -5.84055 ) ]
}
tracks/10/type = "value"
tracks/10/path = NodePath("Spatial/Body/ArmR:visible")
tracks/10/interp = 1
tracks/10/loop_wrap = true
tracks/10/imported = false
tracks/10/enabled = true
tracks/10/keys = {
"times": PoolRealArray( 0 ),
"transitions": PoolRealArray( 1 ),
"update": 1,
"values": [ true ]
}

[sub_resource type="Animation" id=15]

length = 0.06
loop = true
step = 0.01
tracks/0/type = "value"
tracks/0/path = NodePath("Spatial/Body:transform")
tracks/0/interp = 1
tracks/0/loop_wrap = true
tracks/0/imported = false
tracks/0/enabled = true
tracks/0/keys = {
"times": PoolRealArray( 0, 0.02 ),
"transitions": PoolRealArray( 1, 1 ),
"update": 0,
"values": [ Transform( 0.691167, -0.320059, 0.647958, 0.420203, 0.90743, -1.45205e-008, -0.587976, 0.272274, 0.761676, 0, 4, 0 ), Transform( -0.466451, 0.216, 0.857769, 0.420203, 0.90743, -1.45205e-008, -0.778364, 0.360438, -0.514035, 0, 3.12445, 0 ) ]
}
tracks/1/type = "value"
tracks/1/path = NodePath("Spatial/Body/Head:transform")
tracks/1/interp = 1
tracks/1/loop_wrap = true
tracks/1/imported = false
tracks/1/enabled = true
tracks/1/keys = {
"times": PoolRealArray( 0, 0.02 ),
"transitions": PoolRealArray( 1, 1 ),
"update": 0,
"values": [ Transform( 0.894646, 0.360737, 0.263581, -0.374906, 0.927052, 0.00373448, -0.243007, -0.102159, 0.964629, -0.275373, 4.10335, 0.685629 ), Transform( 0.922336, 0.37953, -0.072464, -0.364966, 0.917319, 0.159126, 0.126866, -0.120321, 0.984594, -0.672292, 3.83547, 0.537245 ) ]
}
tracks/2/type = "value"
tracks/2/path = NodePath("Spatial/Body/Back:transform")
tracks/2/interp = 1
tracks/2/loop_wrap = true
tracks/2/imported = false
tracks/2/enabled = true
tracks/2/keys = {
"times": PoolRealArray( 0, 0.02 ),
"transitions": PoolRealArray( 1, 1 ),
"update": 0,
"values": [ Transform( 0.994633, 0, -0.103462, -4.47035e-008, 1, 0, 0.103462, 0, 0.994633, 2.24238, 2.86933, -2.08616e-007 ), Transform( 0.947545, 0.260327, -0.185441, -0.282739, 0.953268, -0.106487, 0.149053, 0.153333, 0.976869, 2.63814, 1.72738, -0.0493538 ) ]
}
tracks/3/type = "value"
tracks/3/path = NodePath("Spatial/Body/ArmL/ArmL2:transform")
tracks/3/interp = 1
tracks/3/loop_wrap = true
tracks/3/imported = false
tracks/3/enabled = true
tracks/3/keys = {
"times": PoolRealArray( 0, 0.01, 0.02 ),
"transitions": PoolRealArray( 1, 1, 1 ),
"update": 0,
"values": [ Transform( 0.0754872, 0.525487, -0.847447, 0.985386, 0.0908383, 0.144102, 0.152705, -0.845937, -0.510951, 0.335125, -2.0623, 0.256007 ), Transform( 0.746403, 0.18813, -0.638351, 0.509355, 0.455831, 0.729916, 0.4283, -0.869955, 0.244408, 0.0749331, -2.78668, -0.518561 ), Transform( 0.109572, -0.0175367, -0.993828, 0.192303, 0.981327, 0.0038853, 0.975199, -0.191542, 0.110899, -0.35477, -2.16966, 0.162278 ) ]
}
tracks/4/type = "value"
tracks/4/path = NodePath("Spatial/Body/ArmL:transform")
tracks/4/interp = 1
tracks/4/loop_wrap = true
tracks/4/imported = false
tracks/4/enabled = true
tracks/4/keys = {
"times": PoolRealArray( 0, 0.01, 0.02 ),
"transitions": PoolRealArray( 1, 1, 1 ),
"update": 0,
"values": [ Transform( 0.765228, -0.619984, -0.173326, 0.0102887, 0.280983, -0.959657, 0.643674, 0.732573, 0.221396, -0.43571, 4.33928, -4.99999 ), Transform( -0.486091, 0.140317, -0.862571, -0.689516, 0.544835, 0.4772, 0.536918, 0.826716, -0.168089, -0.85889, 3.42543, -4.99999 ), Transform( -0.457473, 0.840074, 0.291539, 0.206761, -0.218381, 0.953708, 0.864852, 0.496574, -0.073791, -1.49068, 2.06107, -4.99999 ) ]
}
tracks/5/type = "value"
tracks/5/path = NodePath("Spatial/Body/ArmR:transform")
tracks/5/interp = 1
tracks/5/loop_wrap = true
tracks/5/imported = false
tracks/5/enabled = true
tracks/5/keys = {
"times": PoolRealArray( 0, 0.02 ),
"transitions": PoolRealArray( 1, 1 ),
"update": 0,
"values": [ Transform( 0.717304, 0.235277, 0.655833, -0.683474, 0.420514, 0.596679, -0.135402, -0.876247, 0.462443, -8.34465e-007, 3.79306, 5.01757 ), Transform( 0.83392, -0.369419, 0.410004, 0.273873, 0.921999, 0.273695, -0.479132, -0.115951, 0.870049, -0.705007, 4.72942, 4.3984 ) ]
}
tracks/6/type = "value"
tracks/6/path = NodePath("Spatial/Body/ArmR/ArmR2:transform")
tracks/6/interp = 1
tracks/6/loop_wrap = true
tracks/6/imported = false
tracks/6/enabled = true
tracks/6/keys = {
"times": PoolRealArray( 0, 0.02 ),
"transitions": PoolRealArray( 1, 1 ),
"update": 0,
"values": [ Transform( -0.358511, 0.72001, -0.594185, -0.892381, -0.451206, -0.00832263, -0.274093, 0.527255, 0.804286, -0.187805, -2.32529, 0.0133505 ), Transform( -0.286493, 0.527147, -0.800025, -0.74334, -0.649119, -0.161518, -0.604455, 0.548418, 0.577818, -0.187806, -2.32529, 0.01335 ) ]
}
tracks/7/type = "value"
tracks/7/path = NodePath("Spatial/Body/LegL:transform")
tracks/7/interp = 1
tracks/7/loop_wrap = true
tracks/7/imported = false
tracks/7/enabled = true
tracks/7/keys = {
"times": PoolRealArray( 0, 0.01, 0.02, 0.0203973 ),
"transitions": PoolRealArray( 1, 1, 1, 1 ),
"update": 0,
"values": [ Transform( 0.417218, -0.336808, -0.844093, -0.035464, 0.922048, -0.385445, 0.908115, 0.190748, 0.372752, -0.848171, -1.46311, -2.21573 ), Transform( 0.806833, 0.534383, -0.251903, -0.582284, 0.791371, -0.186215, 0.0998385, 0.296922, 0.94967, -0.627609, 0.246681, -3.03393 ), Transform( 0.0201921, 0.924317, -0.381088, -0.981168, 0.09156, 0.170085, 0.192105, 0.370475, 0.908761, -2.02217, -1.19712, -3.68251 ), Transform( 0.395725, 0.846548, -0.356028, -0.845912, 0.486925, 0.217566, 0.357541, 0.215071, 0.908797, -1.81971, 0.00192523, -3.00289 ) ]
}
tracks/8/type = "value"
tracks/8/path = NodePath("Spatial/Body/LegR:transform")
tracks/8/interp = 1
tracks/8/loop_wrap = true
tracks/8/imported = false
tracks/8/enabled = true
tracks/8/keys = {
"times": PoolRealArray( 0, 0.01, 0.02, 0.0203973 ),
"transitions": PoolRealArray( 1, 1, 1, 1 ),
"update": 0,
"values": [ Transform( 0.689136, 0.665712, 0.28621, -0.655012, 0.741204, -0.146877, -0.309918, -0.0862533, 0.946842, -1.66175, 0.378125, 2.94072 ), Transform( 0.986009, -0.100939, -0.132655, 0.117794, 0.985005, 0.126041, 0.117944, -0.139904, 0.983116, -2.85762, 0.277335, 1.85714 ), Transform( 0.905003, -0.230462, -0.357568, 0.3015, 0.94046, 0.156943, 0.300109, -0.24984, 0.920605, -2.09786, -0.401763, 1.42219 ), Transform( 0.942375, -0.280309, -0.182631, 0.297231, 0.952048, 0.0724695, 0.153559, -0.122578, 0.980507, -1.66175, 0.378125, 2.94072 ) ]
}
tracks/9/type = "value"
tracks/9/path = NodePath("Spatial/Body/Waist:transform")
tracks/9/interp = 1
tracks/9/loop_wrap = true
tracks/9/imported = false
tracks/9/enabled = true
tracks/9/keys = {
"times": PoolRealArray( 0, 0.02 ),
"transitions": PoolRealArray( 1, 1 ),
"update": 0,
"values": [ Transform( 0.780859, 0.588425, 0.209792, -0.605885, 0.795163, 0.0248621, -0.15219, -0.146523, 0.977431, -1.72476, -0.701432, -6.52336 ), Transform( 0.866025, 0.5, 2.98023e-008, -0.5, 0.866025, -5.96046e-008, -1.19209e-007, 5.58794e-008, 1, 0.78749, -0.762765, -5.17343 ) ]
}
tracks/10/type = "value"
tracks/10/path = NodePath("Spatial/Body/ArmR:visible")
tracks/10/interp = 1
tracks/10/loop_wrap = true
tracks/10/imported = false
tracks/10/enabled = true
tracks/10/keys = {
"times": PoolRealArray( 0 ),
"transitions": PoolRealArray( 1 ),
"update": 1,
"values": [ true ]
}
tracks/11/type = "value"
tracks/11/path = NodePath("Spatial/Body/ArmL/ArmL2/ArmL3/Position3D2:transform")
tracks/11/interp = 1
tracks/11/loop_wrap = true
tracks/11/imported = false
tracks/11/enabled = true
tracks/11/keys = {
"times": PoolRealArray( 0, 0.01, 0.02 ),
"transitions": PoolRealArray( 1, 1, 1 ),
"update": 0,
"values": [ Transform( 0.621142, -0.272233, 0.734897, 0.756746, -0.0354733, -0.652748, 0.203769, 0.961577, 0.183977, 2.22929, -5.11569, 5.17588 ), Transform( 0.621142, -0.272234, 0.734897, 0.756746, -0.0354733, -0.652748, 0.20377, 0.961576, 0.183978, -2.70394, -18.7238, -1.61643 ), Transform( 0.621142, -0.272234, 0.734896, 0.756746, -0.0354739, -0.652748, 0.20377, 0.961577, 0.183977, -1.02927, -10.6832, 1.62254 ) ]
}
tracks/12/type = "value"
tracks/12/path = NodePath("Spatial/Body/ArmL/ArmL2/ArmL3:transform")
tracks/12/interp = 1
tracks/12/loop_wrap = true
tracks/12/imported = false
tracks/12/enabled = true
tracks/12/keys = {
"times": PoolRealArray( 0.01, 0.02 ),
"transitions": PoolRealArray( 1, 1 ),
"update": 0,
