[gd_scene load_steps=63 format=2]

[ext_resource path="res://addons/voxel_modeller/voxel_light_source.tscn" type="PackedScene" id=1]
[ext_resource path="res://addons/voxel_modeller/voxel_light_system.gd" type="Script" id=2]
[ext_resource path="res://addons/voxel_modeller/FrameByFrameHelper.gd" type="Script" id=3]
[ext_resource path="res://addons/voxel_modeller/PostProcessPreview.gd" type="Script" id=4]
[ext_resource path="res://default_env.tres" type="Environment" id=5]
[ext_resource path="res://addons/voxel_modeller/frame_bounding_box.gd" type="Script" id=6]

[sub_resource type="Animation" id=1]

resource_name = "aim"
length = 4.0
loop = true
step = 1.0
tracks/0/type = "value"
tracks/0/path = NodePath("Body/LegL:transform")
tracks/0/interp = 1
tracks/0/loop_wrap = true
tracks/0/imported = false
tracks/0/enabled = true
tracks/0/keys = {
"times": PoolRealArray( 0, 3 ),
"transitions": PoolRealArray( 1, 1 ),
"update": 0,
"values": [ Transform( -0.215829, 1.06829e-008, -0.976433, 1.50996e-007, -1, -4.43166e-008, -0.976434, -1.57001e-007, 0.215828, 0.526515, 0.452483, -3.09714 ), Transform( -0.215829, 2.42144e-008, -0.976433, 1.47149e-007, -1, -4.65661e-008, -0.976434, -1.546e-007, 0.215828, 0.0650176, 0.426371, -2.21037 ) ]
}
tracks/1/type = "value"
tracks/1/path = NodePath("Body/LegL/Position3D:transform")
tracks/1/interp = 1
tracks/1/loop_wrap = true
tracks/1/imported = false
tracks/1/enabled = true
tracks/1/keys = {
"times": PoolRealArray( 0 ),
"transitions": PoolRealArray( 1 ),
"update": 0,
"values": [ Transform( 1, -5.32907e-014, 0, 1.33227e-015, 1, -1.42109e-014, 0, 0, 1, 0, 0, 0 ) ]
}
tracks/2/type = "value"
tracks/2/path = NodePath("Body/LegL/Position3D2:transform")
tracks/2/interp = 1
tracks/2/loop_wrap = true
tracks/2/imported = false
tracks/2/enabled = true
tracks/2/keys = {
"times": PoolRealArray( 0, 3 ),
"transitions": PoolRealArray( 1, 1 ),
"update": 0,
"values": [ Transform( 1, -1.45286e-007, 9.68575e-008, -7.45058e-009, 0.999999, 7.45058e-007, -7.45058e-009, 2.98023e-008, 1, 0.317751, 7.06346, 4.2859 ), Transform( 1, -1.45286e-007, 1.19209e-007, -7.45058e-009, 0.999999, 7.33882e-007, 2.98023e-008, 3.35276e-008, 1, 1.18799, 6.80246, -0.6309 ) ]
}
tracks/3/type = "value"
tracks/3/path = NodePath("Body/LegL/Position3D3:transform")
tracks/3/interp = 1
tracks/3/loop_wrap = true
tracks/3/imported = false
tracks/3/enabled = true
tracks/3/keys = {
"times": PoolRealArray( 0, 3 ),
"transitions": PoolRealArray( 1, 1 ),
"update": 0,
"values": [ Transform( 1, -2.05169e-013, -1.78814e-007, 2.05169e-013, 0.999999, -1.06581e-013, 1.78814e-007, 1.06581e-013, 1, -0.543188, 5.44332, -0.09594 ), Transform( 1, -8.04912e-016, -1.93715e-007, 8.32669e-017, 0.999999, -3.7253e-009, 1.93715e-007, 3.72529e-009, 1, -0.945484, 8.45056, -3.81244 ) ]
}
tracks/4/type = "value"
tracks/4/path = NodePath("Body:transform")
tracks/4/interp = 1
tracks/4/loop_wrap = true
tracks/4/imported = false
tracks/4/enabled = true
tracks/4/keys = {
"times": PoolRealArray( 0, 3 ),
"transitions": PoolRealArray( 1, 1 ),
"update": 0,
"values": [ Transform( 0.255234, -0.150383, 0.955104, 0.522095, 0.852867, -0.00523637, -0.813791, 0.499999, 0.296195, 0.68404, 14, -0.87938 ), Transform( 0.885336, 0.0500908, 0.462228, -0.0564871, 0.998401, -5.49476e-008, -0.46149, -0.0261102, 0.886752, 0.68404, 13.9112, 0.12062 ) ]
}
tracks/5/type = "value"
tracks/5/path = NodePath("Body/Head:transform")
tracks/5/interp = 1
tracks/5/loop_wrap = true
tracks/5/imported = false
tracks/5/enabled = true
tracks/5/keys = {
"times": PoolRealArray( 0, 3 ),
"transitions": PoolRealArray( 1, 1 ),
"update": 0,
"values": [ Transform( 0.891866, 0.449189, -0.0529962, -0.449641, 0.893201, 0.00362164, 0.0489627, 0.0205994, 0.998589, -0.962471, 4.63398, 0.467211 ), Transform( 0.733079, -0.0493335, 0.678354, 0.0238438, 0.998617, 0.0468574, -0.679728, -0.0181759, 0.73324, 0.0290294, 4.98345, 0.106507 ) ]
}
tracks/6/type = "value"
tracks/6/path = NodePath("Body/Head/Face:transform")
tracks/6/interp = 1
tracks/6/loop_wrap = true
tracks/6/imported = false
tracks/6/enabled = true
tracks/6/keys = {
"times": PoolRealArray( 0 ),
"transitions": PoolRealArray( 1 ),
"update": 0,
"values": [ Transform( 1, 0, 0, 0, 1, 0, 0, 0, 1, 0, 0, 0 ) ]
}
tracks/7/type = "value"
tracks/7/path = NodePath("Body/Head/Hair:transform")
tracks/7/interp = 1
tracks/7/loop_wrap = true
tracks/7/imported = false
tracks/7/enabled = true
tracks/7/keys = {
"times": PoolRealArray( 0 ),
"transitions": PoolRealArray( 1 ),
"update": 0,
"values": [ Transform( 1, 0, 0, 0, 1, 0, 0, 0, 1, 0, 0, 0 ) ]
}
tracks/8/type = "value"
tracks/8/path = NodePath("Body/Back:transform")
tracks/8/interp = 1
tracks/8/loop_wrap = true
tracks/8/imported = false
tracks/8/enabled = true
tracks/8/keys = {
"times": PoolRealArray( 0, 3 ),
"transitions": PoolRealArray( 1, 1 ),
"update": 0,
"values": [ Transform( 0.970031, 0.180744, 0.162388, -0.209022, 0.961494, 0.178433, -0.123885, -0.207032, 0.970458, 3.68894, -2.49957, 0.970826 ), Transform( 0.999843, 0.0164474, 0.00632432, -0.016111, 0.998619, -0.0499916, -0.00713778, 0.049882, 0.998728, 5.20226, 0.935722, -0.886769 ) ]
}
tracks/9/type = "value"
tracks/9/path = NodePath("Body/ArmR/Position3D:transform")
tracks/9/interp = 1
tracks/9/loop_wrap = true
tracks/9/imported = false
tracks/9/enabled = true
tracks/9/keys = {
"times": PoolRealArray( 0 ),
"transitions": PoolRealArray( 1 ),
"update": 0,
"values": [ Transform( 1, 0, 0, 0, 1, 0, 0, 0, 1, 0, 0, 0 ) ]
}
tracks/10/type = "value"
tracks/10/path = NodePath("Body/ArmR:transform")
tracks/10/interp = 1
tracks/10/loop_wrap = true
tracks/10/imported = false
tracks/10/enabled = true
tracks/10/keys = {
"times": PoolRealArray( 0, 3 ),
"transitions": PoolRealArray( 1, 1 ),
"update": 0,
"values": [ Transform( -5.96046e-008, 1.86264e-008, -0.999999, -1.49012e-008, 1, -3.72529e-009, 0.999999, 8.9407e-008, -5.96046e-008, 0.680089, 4.87976, 4.72288 ), Transform( -1.49012e-007, 6.51926e-009, -0.999999, -1.67638e-008, 1, -5.58794e-009, 0.999999, 8.56817e-008, 0, 1.56544, 4.92985, 5.18512 ) ]
}
tracks/11/type = "value"
tracks/11/path = NodePath("Body/ArmR/Position3D2:transform")
tracks/11/interp = 1
tracks/11/loop_wrap = true
tracks/11/imported = false
tracks/11/enabled = true
tracks/11/keys = {
"times": PoolRealArray( 0, 3 ),
"transitions": PoolRealArray( 1, 1 ),
"update": 0,
"values": [ Transform( 0.985248, 0.0186841, 0.170119, -0.0136191, 0.99943, -0.0308912, -0.170599, 0.0281181, 0.984939, 1.1693, -0.0883484, 4.70017 ), Transform( 0.985248, 0.0186839, 0.170119, -0.0136191, 0.99943, -0.0308907, -0.170599, 0.0281182, 0.984939, 4.32954, 0.00970078, 2.96711 ) ]
}
tracks/12/type = "value"
tracks/12/path = NodePath("Body/ArmR/Position3D3:transform")
tracks/12/interp = 1
tracks/12/loop_wrap = true
tracks/12/imported = false
tracks/12/enabled = true
tracks/12/keys = {
"times": PoolRealArray( 0, 3 ),
"transitions": PoolRealArray( 1, 1 ),
"update": 0,
"values": [ Transform( 0.999998, 3.42727e-007, 4.61936e-007, 1.49012e-008, 1, 8.9407e-008, -4.32134e-007, -1.49012e-007, 0.999998, -3.27525, -2.25023, 7.46506 ), Transform( 0.999999, 3.39001e-007, 6.55651e-007, 1.86265e-009, 1, 5.40167e-008, -3.8743e-007, -1.45286e-007, 0.999998, 7.5545, 0.0647278, 1.95501 ) ]
}
tracks/13/type = "value"
tracks/13/path = NodePath("Body/ArmL:transform")
tracks/13/interp = 1
tracks/13/loop_wrap = true
tracks/13/imported = false
tracks/13/enabled = true
tracks/13/keys = {
"times": PoolRealArray( 0, 3 ),
"transitions": PoolRealArray( 1, 1 ),
"update": 0,
"values": [ Transform( 0.193938, 0.936122, 0.293382, -0.93611, 0.0871556, 0.340716, 0.293382, -0.34072, 0.893216, -1.34343, 3.72873, -5.30286 ), Transform( 0.193938, 0.936122, 0.293382, -0.93611, 0.0871556, 0.340716, 0.293382, -0.34072, 0.893216, 0.888769, 3.85502, -5.26515 ) ]
}
tracks/14/type = "value"
tracks/14/path = NodePath("Body/ArmL/Position3D:transform")
tracks/14/interp = 1
tracks/14/loop_wrap = true
tracks/14/imported = false
tracks/14/enabled = true
tracks/14/keys = {
"times": PoolRealArray( 0 ),
"transitions": PoolRealArray( 1 ),
"update": 0,
"values": [ Transform( 1, 0, 0, 0, 1, 0, 0, 0, 1, 0, 0, 0 ) ]
}
tracks/15/type = "value"
tracks/15/path = NodePath("Body/ArmL/Position3D2:transform")
tracks/15/interp = 1
tracks/15/loop_wrap = true
tracks/15/imported = false
tracks/15/enabled = true
tracks/15/keys = {
"times": PoolRealArray( 0, 3 ),
"transitions": PoolRealArray( 1, 1 ),
"update": 0,
"values": [ Transform( 1, -1.19209e-007, -1.37836e-006, -2.98023e-008, 0.999998, 0, 9.16421e-007, 2.98023e-008, 1, -0.452559, -4.47984, -1.24253 ), Transform( 1, -2.98023e-008, -1.41561e-006, -4.47035e-008, 0.999998, 2.08616e-007, 9.23872e-007, 1.19209e-007, 1, -1.42807, -0.797709, -4.48145 ) ]
}
tracks/16/type = "value"
tracks/16/path = NodePath("Body/ArmL/Position3D3:transform")
tracks/16/interp = 1
tracks/16/loop_wrap = true
tracks/16/imported = false
tracks/16/enabled = true
tracks/16/keys = {
"times": PoolRealArray( 0, 3 ),
"transitions": PoolRealArray( 1, 1 ),
"update": 0,
"values": [ Transform( 1, 8.9407e-008, -7.97212e-007, 1.49012e-007, 0.999998, -5.96046e-008, 6.33299e-007, 5.96046e-008, 1, 0.0409584, -8.794, -1.8698 ), Transform( 1, -4.09782e-008, -9.83477e-007, 4.09782e-008, 0.999998, -6.333e-008, 9.83477e-007, 6.33298e-008, 1, 0.159659, -7.00278, -0.459873 ) ]
}
tracks/17/type = "value"
tracks/17/path = NodePath("Body/Waist:transform")
tracks/17/interp = 1
tracks/17/loop_wrap = true
tracks/17/imported = false
tracks/17/enabled = true
tracks/17/keys = {
"times": PoolRealArray( 0, 3 ),
"transitions": PoolRealArray( 1, 1 ),
"update": 0,
"values": [ Transform( 0.131393, 0.92951, 0.344619, -0.952927, 0.214244, -0.214529, -0.273239, -0.300212, 0.913901, -0.394814, 1.59685, -5.21246 ), Transform( 0.900034, 0.42451, 0.0986477, -0.435366, 0.86544, 0.247931, 0.0198758, -0.266096, 0.963742, 0.30237, -0.559756, -5.88217 ) ]
}
tracks/18/type = "value"
tracks/18/path = NodePath("Body/LegR:transform")
tracks/18/interp = 1
tracks/18/loop_wrap = true
tracks/18/imported = false
tracks/18/enabled = true
tracks/18/keys = {
"times": PoolRealArray( 0, 3 ),
"transitions": PoolRealArray( 1, 1 ),
"update": 0,
"values": [ Transform( 2.08616e-007, 1.57079e-007, -0.999999, -1.50996e-007, -1, -1.5708e-007, -0.999999, 1.50996e-007, -2.08616e-007, -0.722828, 0.56204, 2.54724 ), Transform( -0.421943, 0.00528424, -0.906606, -0.0238727, -0.999701, 0.00528382, -0.906307, 0.0238729, 0.421943, -0.261331, 0.58815, 1.66047 ) ]
}
tracks/19/type = "value"
tracks/19/path = NodePath("Body/LegR/Position3D:transform")
tracks/19/interp = 1
tracks/19/loop_wrap = true
tracks/19/imported = false
tracks/19/enabled = true
tracks/19/keys = {
"times": PoolRealArray( 0 ),
"transitions": PoolRealArray( 1 ),
"update": 0,
"values": [ Transform( 1, 0, 0, 0, 1, 0, 0, 0, 1, 0, 0, 0 ) ]
}
tracks/20/type = "value"
tracks/20/path = NodePath("Body/LegR/Position3D2:transform")
tracks/20/interp = 1
tracks/20/loop_wrap = true
tracks/20/imported = false
tracks/20/enabled = true
tracks/20/keys = {
"times": PoolRealArray( 0, 3 ),
"transitions": PoolRealArray( 1, 1 ),
"update": 0,
"values": [ Transform( 1, -4.47035e-008, -1.49012e-007, -1.49012e-008, 1, -2.98023e-008, 1.78814e-007, -1.19209e-007, 1, -1.04753, 3.30261, 4.21279 ), Transform( 1, -2.42144e-008, -5.96046e-008, -2.23517e-008, 1, -3.72529e-009, 1.78814e-007, -1.19209e-007, 1, -0.439197, 6.253, 3.2509 ) ]
}
tracks/21/type = "value"
tracks/21/path = NodePath("Body/LegR/Position3D3:transform")
tracks/21/interp = 1
tracks/21/loop_wrap = true
tracks/21/imported = false
tracks/21/enabled = true
tracks/21/keys = {
"times": PoolRealArray( 0, 3 ),
"transitions": PoolRealArray( 1, 1 ),
"update": 0,
"values": [ Transform( 1, -1.27898e-013, -3.8743e-007, -1.81188e-013, 1, -8.95284e-013, 3.8743e-007, 1.77636e-013, 1, 4.78713, 12.9698, 4.34809 ), Transform( 1, -1.27898e-013, -3.8743e-007, -1.81188e-013, 1, -8.95284e-013, 3.8743e-007, 1.77636e-013, 1, 4.78713, 12.9698, 4.34809 ) ]
}
tracks/22/type = "value"
tracks/22/path = NodePath("PixaVoxet/FramePreview:frame_size")
tracks/22/interp = 1
tracks/22/loop_wrap = true
tracks/22/imported = false
tracks/22/enabled = true
tracks/22/keys = {
"times": PoolRealArray( 0 ),
"transitions": PoolRealArray( 1 ),
"update": 1,
"values": [ 24 ]
}
tracks/23/type = "value"
tracks/23/path = NodePath("Body/Cape:transform")
tracks/23/interp = 1
tracks/23/loop_wrap = true
tracks/23/imported = false
tracks/23/enabled = true
tracks/23/keys = {
"times": PoolRealArray( 0, 3 ),
"transitions": PoolRealArray( 1, 1 ),
"update": 0,
"values": [ Transform( 0.512605, 0.292005, 0.80745, 0.731046, -0.641646, -0.232066, 0.450328, 0.709247, -0.542384, 2.13211, 3.22818, -0.588496 ), Transform( 0.666154, 0.0030692, 0.745808, 0.0893652, -0.993117, -0.0757342, 0.740437, 0.117103, -0.661851, 1.96265, 6.22341, -0.588497 ) ]
}
tracks/24/type = "value"
tracks/24/path = NodePath("Body/Cape/Position3D2:transform")
tracks/24/interp = 1
tracks/24/loop_wrap = true
tracks/24/imported = false
tracks/24/enabled = true
tracks/24/keys = {
"times": PoolRealArray( 0 ),
"transitions": PoolRealArray( 1 ),
"update": 0,
"values": [ Transform( 1, -1.63913e-007, -5.17815e-007, 2.83122e-007, 1, -8.64267e-007, -1.41561e-007, 2.98023e-007, 1, 2.50086, 5.12852, 0.267225 ) ]
}
tracks/25/type = "value"
tracks/25/path = NodePath("Body/Cape/Position3D3:transform")
tracks/25/interp = 1
tracks/25/loop_wrap = true
tracks/25/imported = false
tracks/25/enabled = true
tracks/25/keys = {
"times": PoolRealArray( 0 ),
"transitions": PoolRealArray( 1 ),
"update": 0,
"values": [ Transform( -0.173648, 1.71363e-007, -0.98481, -4.47035e-007, 1, -4.47035e-008, 0.98481, 2.08616e-007, -0.173648, 1.29186, 14.5755, 0.062748 ) ]
}
tracks/26/type = "value"
tracks/26/path = NodePath("Body/ArmR:visible")
tracks/26/interp = 1
tracks/26/loop_wrap = true
tracks/26/imported = false
tracks/26/enabled = true
tracks/26/keys = {
"times": PoolRealArray( 0 ),
"transitions": PoolRealArray( 1 ),
"update": 1,
"values": [ false ]
}
tracks/27/type = "value"
tracks/27/path = NodePath("Body/ArmL:visible")
tracks/27/interp = 1
tracks/27/loop_wrap = true
tracks/27/imported = false
tracks/27/enabled = true
tracks/27/keys = {
"times": PoolRealArray( 0 ),
"transitions": PoolRealArray( 1 ),
"update": 1,
"values": [ false ]
}
tracks/28/type = "value"
tracks/28/path = NodePath("Body:visible")
tracks/28/interp = 1
tracks/28/loop_wrap = true
tracks/28/imported = false
tracks/28/enabled = true
tracks/28/keys = {
"times": PoolRealArray( 1 ),
"transitions": PoolRealArray( 1 ),
"update": 1,
"values": [ true ]
}
tracks/29/type = "value"
tracks/29/path = NodePath("Body/ArmL:always_render")
tracks/29/interp = 1
tracks/29/loop_wrap = true
tracks/29/imported = false
tracks/29/enabled = true
tracks/29/keys = {
"times": PoolRealArray( 1 ),
"transitions": PoolRealArray( 1 ),
"update": 1,
"values": [ false ]
}

[sub_resource type="Animation" id=2]

resource_name = "aim_arm"
length = 1.0
loop = true
step = 1.0
tracks/0/type = "value"
tracks/0/path = NodePath("Body/LegL:transform")
tracks/0/interp = 1
tracks/0/loop_wrap = true
tracks/0/imported = false
tracks/0/enabled = true
tracks/0/keys = {
"times": PoolRealArray( 0 ),
"transitions": PoolRealArray( 1 ),
"update": 0,
"values": [ Transform( -0.215829, 2.42144e-008, -0.976433, 1.47149e-007, -1, -4.65661e-008, -0.976434, -1.546e-007, 0.215828, 0.0650176, 0.426371, -2.21037 ) ]
}
tracks/1/type = "value"
tracks/1/path = NodePath("Body/LegL/Position3D:transform")
tracks/1/interp = 1
tracks/1/loop_wrap = true
tracks/1/imported = false
tracks/1/enabled = true
tracks/1/keys = {
"times": PoolRealArray( 0 ),
"transitions": PoolRealArray( 1 ),
"update": 0,
"values": [ Transform( 1, -5.32907e-014, 0, 1.33227e-015, 1, -1.42109e-014, 0, 0, 1, 0, 0, 0 ) ]
}
tracks/2/type = "value"
tracks/2/path = NodePath("Body/LegL/Position3D2:transform")
tracks/2/interp = 1
tracks/2/loop_wrap = true
tracks/2/imported = false
tracks/2/enabled = true
tracks/2/keys = {
"times": PoolRealArray( 0 ),
"transitions": PoolRealArray( 1 ),
"update": 0,
"values": [ Transform( 1, -1.45286e-007, 1.19209e-007, -7.45058e-009, 0.999999, 7.33882e-007, 2.98023e-008, 3.35276e-008, 1, 1.18799, 6.80246, -0.6309 ) ]
}
tracks/3/type = "value"
tracks/3/path = NodePath("Body/LegL/Position3D3:transform")
tracks/3/interp = 1
tracks/3/loop_wrap = true
tracks/3/imported = false
tracks/3/enabled = true
tracks/3/keys = {
"times": PoolRealArray( 0 ),
"transitions": PoolRealArray( 1 ),
"update": 0,
"values": [ Transform( 1, -8.04912e-016, -1.93715e-007, 8.32669e-017, 0.999999, -3.7253e-009, 1.93715e-007, 3.72529e-009, 1, -0.945484, 8.45056, -3.81244 ) ]
}
tracks/4/type = "value"
tracks/4/path = NodePath("Body:transform")
tracks/4/interp = 1
tracks/4/loop_wrap = true
tracks/4/imported = false
tracks/4/enabled = true
tracks/4/keys = {
"times": PoolRealArray( 0 ),
"transitions": PoolRealArray( 1 ),
"update": 0,
"values": [ Transform( 0.885336, 0.0500907, 0.462228, -0.0564871, 0.998401, -4.09778e-008, -0.46149, -0.0261102, 0.886752, 0.68404, 13.9112, -0.87938 ) ]
}
tracks/5/type = "value"
tracks/5/path = NodePath("Body/Head:transform")
tracks/5/interp = 1
tracks/5/loop_wrap = true
tracks/5/imported = false
tracks/5/enabled = true
tracks/5/keys = {
"times": PoolRealArray( 0 ),
"transitions": PoolRealArray( 1 ),
"update": 0,
"values": [ Transform( 0.733079, -0.0493335, 0.678354, 0.0238438, 0.998617, 0.0468574, -0.679728, -0.0181759, 0.73324, 0.0290294, 4.98345, 0.106507 ) ]
}
tracks/6/type = "value"
tracks/6/path = NodePath("Body/Head/Face:transform")
tracks/6/interp = 1
tracks/6/loop_wrap = true
tracks/6/imported = false
tracks/6/enabled = true
tracks/6/keys = {
"times": PoolRealArray( 0 ),
"transitions": PoolRealArray( 1 ),
"update": 0,
"values": [ Transform( 1, 0, 0, 0, 1, 0, 0, 0, 1, 0, 0, 0 ) ]
}
tracks/7/type = "value"
tracks/7/path = NodePath("Body/Head/Hair:transform")
tracks/7/interp = 1
tracks/7/loop_wrap = true
tracks/7/imported = false
tracks/7/enabled = true
tracks/7/keys = {
"times": PoolRealArray( 0 ),
"transitions": PoolRealArray( 1 ),
"update": 0,
"values": [ Transform( 1, 0, 0, 0, 1, 0, 0, 0, 1, 0, 0, 0 ) ]
}
tracks/8/type = "value"
tracks/8/path = NodePath("Body/Back:transform")
tracks/8/interp = 1
tracks/8/loop_wrap = true
tracks/8/imported = false
tracks/8/enabled = true
tracks/8/keys = {
"times": PoolRealArray( 0 ),
"transitions": PoolRealArray( 1 ),
"update": 0,
"values": [ Transform( 0.999843, 0.0164474, 0.00632432, -0.016111, 0.998619, -0.0499916, -0.00713778, 0.049882, 0.998728, 5.20226, 0.935722, -0.886769 ) ]
}
tracks/9/type = "value"
tracks/9/path = NodePath("Body/ArmR/Position3D:transform")
tracks/9/interp = 1
tracks/9/loop_wrap = true
tracks/9/imported = false
tracks/9/enabled = true
tracks/9/keys = {
"times": PoolRealArray( 0 ),
"transitions": PoolRealArray( 1 ),
"update": 0,
"values": [ Transform( 1, 0, 0, 0, 1, 0, 0, 0, 1, 0, 0, 0 ) ]
}
tracks/10/type = "value"
tracks/10/path = NodePath("Body/ArmR:transform")
tracks/10/interp = 1
tracks/10/loop_wrap = true
tracks/10/imported = false
tracks/10/enabled = true
tracks/10/keys = {
"times": PoolRealArray( 0 ),
"transitions": PoolRealArray( 1 ),
"update": 0,
"values": [ Transform( -1.49012e-007, 6.51926e-009, -0.999999, -1.67638e-008, 1, -5.58794e-009, 0.999999, 8.56817e-008, 0, 1.56544, 4.92985, 5.18512 ) ]
}
tracks/11/type = "value"
tracks/11/path = NodePath("Body/ArmR/Position3D2:transform")
tracks/11/interp = 1
tracks/11/loop_wrap = true
tracks/11/imported = false
tracks/11/enabled = true
tracks/11/keys = {
"times": PoolRealArray( 0 ),
"transitions": PoolRealArray( 1 ),
"update": 0,
"values": [ Transform( 0.985248, 0.0186839, 0.170119, -0.0136191, 0.99943, -0.0308907, -0.170599, 0.0281182, 0.984939, 4.32954, 0.00970078, 2.96711 ) ]
}
tracks/12/type = "value"
tracks/12/path = NodePath("Body/ArmR/Position3D3:transform")
tracks/12/interp = 1
tracks/12/loop_wrap = true
tracks/12/imported = false
tracks/12/enabled = true
tracks/12/keys = {
"times": PoolRealArray( 0 ),
"transitions": PoolRealArray( 1 ),
"update": 0,
"values": [ Transform( 0.999999, 3.39001e-007, 6.55651e-007, 1.86265e-009, 1, 5.40167e-008, -3.8743e-007, -1.45286e-007, 0.999998, 7.5545, 0.0647278, 1.95501 ) ]
}
tracks/13/type = "value"
tracks/13/path = NodePath("Body/ArmL:transform")
tracks/13/interp = 1
tracks/13/loop_wrap = true
tracks/13/imported = false
tracks/13/enabled = true
tracks/13/keys = {
"times": PoolRealArray( 0 ),
"transitions": PoolRealArray( 1 ),
"update": 0,
"values": [ Transform( 0.193938, 0.936122, 0.293382, -0.93611, 0.0871556, 0.340716, 0.293382, -0.34072, 0.893216, -3.49066, 7.61365, 2.71575 ) ]
}
tracks/14/type = "value"
tracks/14/path = NodePath("Body/ArmL/Position3D:transform")
tracks/14/interp = 1
tracks/14/loop_wrap = true
tracks/14/imported = false
tracks/14/enabled = true
tracks/14/keys = {
"times": PoolRealArray( 0 ),
"transitions": PoolRealArray( 1 ),
"update": 0,
"values": [ Transform( 1, 0, 0, 0, 1, 0, 0, 0, 1, 0, 0, 0 ) ]
}
tracks/15/type = "value"
tracks/15/path = NodePath("Body/ArmL/Position3D2:transform")
tracks/15/interp = 1
tracks/15/loop_wrap = true
tracks/15/imported = false
tracks/15/enabled = true
tracks/15/keys = {
"times": PoolRealArray( 0 ),
"transitions": PoolRealArray( 1 ),
"update": 0,
"values": [ Transform( 1, -2.98023e-008, -1.41561e-006, -4.47035e-008, 0.999998, 2.08616e-007, 9.23872e-007, 1.19209e-007, 1, -1.42807, -0.797709, -4.48145 ) ]
}
tracks/16/type = "value"
tracks/16/path = NodePath("Body/ArmL/Position3D3:transform")
tracks/16/interp = 1
tracks/16/loop_wrap = true
tracks/16/imported = false
tracks/16/enabled = true
tracks/16/keys = {
"times": PoolRealArray( 0 ),
"transitions": PoolRealArray( 1 ),
"update": 0,
"values": [ Transform( 1, -4.09782e-008, -9.83477e-007, 4.09782e-008, 0.999998, -6.333e-008, 9.83477e-007, 6.33298e-008, 1, 0.159659, -7.00278, -0.459873 ) ]
}
tracks/17/type = "value"
tracks/17/path = NodePath("Body/Waist:transform")
tracks/17/interp = 1
tracks/17/loop_wrap = true
tracks/17/imported = false
tracks/17/enabled = true
tracks/17/keys = {
"times": PoolRealArray( 0 ),
"transitions": PoolRealArray( 1 ),
"update": 0,
"values": [ Transform( 0.900034, 0.42451, 0.0986477, -0.435366, 0.86544, 0.247931, 0.0198758, -0.266096, 0.963742, 0.30237, -0.559756, -5.88217 ) ]
}
tracks/18/type = "value"
tracks/18/path = NodePath("Body/LegR:transform")
tracks/18/interp = 1
tracks/18/loop_wrap = true
tracks/18/imported = false
tracks/18/enabled = true
tracks/18/keys = {
"times": PoolRealArray( 0 ),
"transitions": PoolRealArray( 1 ),
"update": 0,
"values": [ Transform( -0.421943, 0.00528424, -0.906606, -0.0238727, -0.999701, 0.00528382, -0.906307, 0.0238729, 0.421943, -0.261331, 0.58815, 1.66047 ) ]
}
tracks/19/type = "value"
tracks/19/path = NodePath("Body/LegR/Position3D:transform")
tracks/19/interp = 1
tracks/19/loop_wrap = true
tracks/19/imported = false
tracks/19/enabled = true
tracks/19/keys = {
"times": PoolRealArray( 0 ),
"transitions": PoolRealArray( 1 ),
"update": 0,
"values": [ Transform( 1, 0, 0, 0, 1, 0, 0, 0, 1, 0, 0, 0 ) ]
}
tracks/20/type = "value"
tracks/20/path = NodePath("Body/LegR/Position3D2:transform")
tracks/20/interp = 1
tracks/20/loop_wrap = true
tracks/20/imported = false
tracks/20/enabled = true
tracks/20/keys = {
"times": PoolRealArray( 0 ),
"transitions": PoolRealArray( 1 ),
"update": 0,
"values": [ Transform( 1, -2.42144e-008, -5.96046e-008, -2.23517e-008, 1, -3.72529e-009, 1.78814e-007, -1.19209e-007, 1, -0.439197, 6.253, 3.2509 ) ]
}
tracks/21/type = "value"
tracks/21/path = NodePath("Body/LegR/Position3D3:transform")
tracks/21/interp = 1
tracks/21/loop_wrap = true
tracks/21/imported = false
tracks/21/enabled = true
tracks/21/keys = {
"times": PoolRealArray( 0 ),
"transitions": PoolRealArray( 1 ),
"update": 0,
"values": [ Transform( 1, -1.27898e-013, -3.8743e-007, -1.81188e-013, 1, -8.95284e-013, 3.8743e-007, 1.77636e-013, 1, 4.78713, 12.9698, 4.34809 ) ]
}
tracks/22/type = "value"
tracks/22/path = NodePath("PixaVoxet/FramePreview:frame_size")
tracks/22/interp = 1
tracks/22/loop_wrap = true
tracks/22/imported = false
tracks/22/enabled = true
tracks/22/keys = {
"times": PoolRealArray( 0 ),
"transitions": PoolRealArray( 1 ),
"update": 1,
"values": [ 24 ]
}
tracks/23/type = "value"
tracks/23/path = NodePath("Body/Cape:transform")
tracks/23/interp = 1
tracks/23/loop_wrap = true
tracks/23/imported = false
tracks/23/enabled = true
tracks/23/keys = {
"times": PoolRealArray( 0 ),
"transitions": PoolRealArray( 1 ),
"update": 0,
"values": [ Transform( 0.159025, 0.983837, -0.0823776, 0.148888, -0.106384, -0.983115, -0.975979, 0.144076, -0.163399, 0.703245, 5.07625, 0.959027 ) ]
}
tracks/24/type = "value"
tracks/24/path = NodePath("Body/Cape/Position3D2:transform")
tracks/24/interp = 1
tracks/24/loop_wrap = true
tracks/24/imported = false
tracks/24/enabled = true
tracks/24/keys = {
"times": PoolRealArray( 0 ),
"transitions": PoolRealArray( 1 ),
"update": 0,
"values": [ Transform( 1, 2.38419e-007, 5.96046e-008, 4.17233e-007, 1, -2.38419e-007, 4.61936e-007, 6.25849e-007, 1, 2.18623, 7.69775, -3.67668 ) ]
}
tracks/25/type = "value"
tracks/25/path = NodePath("Body/Cape/Position3D3:transform")
tracks/25/interp = 1
tracks/25/loop_wrap = true
tracks/25/imported = false
tracks/25/enabled = true
tracks/25/keys = {
"times": PoolRealArray( 0 ),
"transitions": PoolRealArray( 1 ),
"update": 0,
"values": [ Transform( -0.173648, 0, -0.984809, -8.9407e-008, 1, -8.9407e-008, 0.984809, 9.68575e-008, -0.173648, -2.70244, 13.5111, 0.69677 ) ]
}
tracks/26/type = "value"
tracks/26/path = NodePath("Body/ArmR:visible")
tracks/26/interp = 1
tracks/26/loop_wrap = true
tracks/26/imported = false
tracks/26/enabled = true
tracks/26/keys = {
"times": PoolRealArray( 0 ),
"transitions": PoolRealArray( 1 ),
"update": 1,
"values": [ false ]
}
tracks/27/type = "value"
tracks/27/path = NodePath("Body/ArmL:visible")
tracks/27/interp = 1
tracks/27/loop_wrap = true
tracks/27/imported = false
tracks/27/enabled = true
tracks/27/keys = {
"times": PoolRealArray( 0 ),
"transitions": PoolRealArray( 1 ),
"update": 1,
"values": [ false ]
}
tracks/28/type = "value"
tracks/28/path = NodePath("Body:visible")
tracks/28/interp = 1
tracks/28/loop_wrap = true
tracks/28/imported = false
tracks/28/enabled = true
tracks/28/keys = {
"times": PoolRealArray( 0 ),
"transitions": PoolRealArray( 1 ),
"update": 1,
"values": [ false ]
}
tracks/29/type = "value"
tracks/29/path = NodePath("Body/ArmL:always_render")
tracks/29/interp = 1
tracks/29/loop_wrap = true
tracks/29/imported = false
tracks/29/enabled = true
tracks/29/keys = {
"times": PoolRealArray( 0 ),
"transitions": PoolRealArray( 1 ),
"update": 1,
"values": [ true ]
}

[sub_resource type="Animation" id=3]

resource_name = "aim_walk"
length = 8.0
loop = true
step = 1.0
tracks/0/type = "value"
tracks/0/path = NodePath("Body/LegL:transform")
tracks/0/interp = 1
tracks/0/loop_wrap = true
tracks/0/imported = false
tracks/0/enabled = true
tracks/0/keys = {
"times": PoolRealArray( 0, 4 ),
"transitions": PoolRealArray( 1, 1 ),
"update": 0,
"values": [ Transform( -0.215829, 4.28408e-008, -0.976433, 1.52737e-007, -1, -6.89179e-008, -0.976434, -1.60187e-007, 0.215829, 0.0576264, 0.557022, -2.21037 ), Transform( -0.215829, 5.30854e-008, -0.976433, 1.546e-007, -1, -7.63685e-008, -0.976434, -1.6205e-007, 0.215829, 0.0877736, 0.0241814, -2.21037 ) ]
}
tracks/1/type = "value"
tracks/1/path = NodePath("Body/LegL/Position3D:transform")
tracks/1/interp = 1
tracks/1/loop_wrap = true
tracks/1/imported = false
tracks/1/enabled = true
tracks/1/keys = {
"times": PoolRealArray( 0 ),
"transitions": PoolRealArray( 1 ),
"update": 0,
"values": [ Transform( 1, -5.32907e-014, 0, 1.33227e-015, 1, -1.42109e-014, 0, 0, 1, 0, 0, 0 ) ]
}
tracks/2/type = "value"
tracks/2/path = NodePath("Body/LegL/Position3D2:transform")
tracks/2/interp = 1
tracks/2/loop_wrap = true
tracks/2/imported = false
tracks/2/enabled = true
tracks/2/keys = {
"times": PoolRealArray( 0, 4 ),
"transitions": PoolRealArray( 1, 1 ),
"update": 0,
"values": [ Transform( 1, -1.63913e-007, 8.9407e-008, -2.23517e-008, 0.999999, 7.15256e-007, 0, 5.02914e-008, 1, 2.70832, 7.74864, -1.97007 ), Transform( 1, -1.60187e-007, 1.19209e-007, -2.79397e-008, 1, 6.94767e-007, -3.57628e-007, 5.40167e-008, 1, 0.26651, 12.1191, -0.205045 ) ]
}
tracks/3/type = "value"
tracks/3/path = NodePath("Body/LegL/Position3D3:transform")
tracks/3/interp = 1
tracks/3/loop_wrap = true
tracks/3/imported = false
tracks/3/enabled = true
tracks/3/keys = {
"times": PoolRealArray( 0 ),
"transitions": PoolRealArray( 1 ),
"update": 0,
"values": [ Transform( 1, -8.04912e-016, -1.93715e-007, 8.32669e-017, 0.999999, -3.7253e-009, 1.93715e-007, 3.72529e-009, 1, -0.945484, 8.45056, -3.81244 ) ]
}
tracks/4/type = "value"
tracks/4/path = NodePath("Body:transform")
tracks/4/interp = 1
tracks/4/loop_wrap = true
tracks/4/imported = false
tracks/4/enabled = true
tracks/4/keys = {
"times": PoolRealArray( 0, 4 ),
"transitions": PoolRealArray( 1, 1 ),
"update": 0,
"values": [ Transform( 0.885336, 0.0500908, 0.462228, -0.0564871, 0.998401, -5.49476e-008, -0.46149, -0.0261102, 0.886752, 0.68404, 12.9112, 1.12062 ), Transform( 0.885336, 0.0500908, 0.462228, -0.0564871, 0.998401, -5.49476e-008, -0.46149, -0.0261102, 0.886752, 0.68404, 13.9112, 1.12062 ) ]
}
tracks/5/type = "value"
tracks/5/path = NodePath("Body/Head:transform")
tracks/5/interp = 1
tracks/5/loop_wrap = true
tracks/5/imported = false
tracks/5/enabled = true
tracks/5/keys = {
"times": PoolRealArray( 0 ),
"transitions": PoolRealArray( 1 ),
"update": 0,
"values": [ Transform( 0.733079, -0.0493335, 0.678354, 0.0238438, 0.998617, 0.0468574, -0.679728, -0.0181759, 0.73324, 0.0290294, 4.98345, 0.106507 ) ]
}
tracks/6/type = "value"
tracks/6/path = NodePath("Body/Head/Face:transform")
tracks/6/interp = 1
tracks/6/loop_wrap = true
tracks/6/imported = false
tracks/6/enabled = true
tracks/6/keys = {
"times": PoolRealArray( 0 ),
"transitions": PoolRealArray( 1 ),
"update": 0,
"values": [ Transform( 1, 0, 0, 0, 1, 0, 0, 0, 1, 0, 0, 0 ) ]
}
tracks/7/type = "value"
tracks/7/path = NodePath("Body/Head/Hair:transform")
tracks/7/interp = 1
tracks/7/loop_wrap = true
tracks/7/imported = false
tracks/7/enabled = true
tracks/7/keys = {
"times": PoolRealArray( 0 ),
"transitions": PoolRealArray( 1 ),
"update": 0,
"values": [ Transform( 1, 0, 0, 0, 1, 0, 0, 0, 1, 0, 0, 0 ) ]
}
tracks/8/type = "value"
tracks/8/path = NodePath("Body/Back:transform")
tracks/8/interp = 1
tracks/8/loop_wrap = true
tracks/8/imported = false
tracks/8/enabled = true
tracks/8/keys = {
"times": PoolRealArray( 0 ),
"transitions": PoolRealArray( 1 ),
"update": 0,
"values": [ Transform( 0.999843, 0.0164474, 0.00632432, -0.016111, 0.998619, -0.0499916, -0.00713778, 0.049882, 0.998728, 5.20226, 0.935722, -0.886769 ) ]
}
tracks/9/type = "value"
tracks/9/path = NodePath("Body/ArmR/Position3D:transform")
tracks/9/interp = 1
tracks/9/loop_wrap = true
tracks/9/imported = false
tracks/9/enabled = true
tracks/9/keys = {
"times": PoolRealArray( 0 ),
"transitions": PoolRealArray( 1 ),
"update": 0,
"values": [ Transform( 1, 0, 0, 0, 1, 0, 0, 0, 1, 0, 0, 0 ) ]
}
tracks/10/type = "value"
tracks/10/path = NodePath("Body/ArmR:transform")
tracks/10/interp = 1
tracks/10/loop_wrap = true
tracks/10/imported = false
tracks/10/enabled = true
tracks/10/keys = {
"times": PoolRealArray( 0 ),
"transitions": PoolRealArray( 1 ),
"update": 0,
"values": [ Transform( -1.49012e-007, 6.51926e-009, -0.999999, -1.67638e-008, 1, -5.58794e-009, 0.999999, 8.56817e-008, 0, 1.56544, 4.92985, 5.18512 ) ]
}
tracks/11/type = "value"
tracks/11/path = NodePath("Body/ArmR/Position3D2:transform")
tracks/11/interp = 1
tracks/11/loop_wrap = true
tracks/11/imported = false
tracks/11/enabled = true
tracks/11/keys = {
"times": PoolRealArray( 0 ),
"transitions": PoolRealArray( 1 ),
"update": 0,
"values": [ Transform( 0.985248, 0.0186839, 0.170119, -0.0136191, 0.99943, -0.0308907, -0.170599, 0.0281182, 0.984939, 4.32954, 0.00970078, 2.96711 ) ]
}
tracks/12/type = "value"
tracks/12/path = NodePath("Body/ArmR/Position3D3:transform")
tracks/12/interp = 1
tracks/12/loop_wrap = true
tracks/12/imported = false
tracks/12/enabled = true
tracks/12/keys = {
"times": PoolRealArray( 0 ),
"transitions": PoolRealArray( 1 ),
"update": 0,
"values": [ Transform( 0.999999, 3.39001e-007, 6.55651e-007, 1.86265e-009, 1, 5.40167e-008, -3.8743e-007, -1.45286e-007, 0.999998, 7.5545, 0.0647278, 1.95501 ) ]
}
tracks/13/type = "value"
tracks/13/path = NodePath("Body/ArmL:transform")
tracks/13/interp = 1
tracks/13/loop_wrap = true
tracks/13/imported = false
tracks/13/enabled = true
tracks/13/keys = {
"times": PoolRealArray( 0 ),
"transitions": PoolRealArray( 1 ),
"update": 0,
"values": [ Transform( 0.193938, 0.936122, 0.293382, -0.93611, 0.0871556, 0.340716, 0.293382, -0.34072, 0.893216, 0.888769, 3.85502, -5.26515 ) ]
}
tracks/14/type = "value"
tracks/14/path = NodePath("Body/ArmL/Position3D:transform")
tracks/14/interp = 1
tracks/14/loop_wrap = true
tracks/14/imported = false
tracks/14/enabled = true
tracks/14/keys = {
"times": PoolRealArray( 0 ),
"transitions": PoolRealArray( 1 ),
"update": 0,
"values": [ Transform( 1, 0, 0, 0, 1, 0, 0, 0, 1, 0, 0, 0 ) ]
}
tracks/15/type = "value"
tracks/15/path = NodePath("Body/ArmL/Position3D2:transform")
tracks/15/interp = 1
tracks/15/loop_wrap = true
tracks/15/imported = false
tracks/15/enabled = true
tracks/15/keys = {
"times": PoolRealArray( 0 ),
"transitions": PoolRealArray( 1 ),
"update": 0,
"values": [ Transform( 1, -2.98023e-008, -1.41561e-006, -4.47035e-008, 0.999998, 2.08616e-007, 9.23872e-007, 1.19209e-007, 1, -1.42807, -0.797709, -4.48145 ) ]
}
tracks/16/type = "value"
tracks/16/path = NodePath("Body/ArmL/Position3D3:transform")
tracks/16/interp = 1
tracks/16/loop_wrap = true
tracks/16/imported = false
tracks/16/enabled = true
tracks/16/keys = {
"times": PoolRealArray( 0 ),
"transitions": PoolRealArray( 1 ),
"update": 0,
"values": [ Transform( 1, -4.09782e-008, -9.83477e-007, 4.09782e-008, 0.999998, -6.333e-008, 9.83477e-007, 6.33298e-008, 1, 0.159659, -7.00278, -0.459873 ) ]
}
tracks/17/type = "value"
tracks/17/path = NodePath("Body/Waist:transform")
tracks/17/interp = 1
tracks/17/loop_wrap = true
tracks/17/imported = false
tracks/17/enabled = true
tracks/17/keys = {
"times": PoolRealArray( 0 ),
"transitions": PoolRealArray( 1 ),
"update": 0,
"values": [ Transform( 0.900034, 0.42451, 0.0986477, -0.435366, 0.86544, 0.247931, 0.0198758, -0.266096, 0.963742, 0.30237, -0.559756, -5.88217 ) ]
}
tracks/18/type = "value"
tracks/18/path = NodePath("Body/LegR:transform")
tracks/18/interp = 1
tracks/18/loop_wrap = true
tracks/18/imported = false
tracks/18/enabled = true
tracks/18/keys = {
"times": PoolRealArray( 0 ),
"transitions": PoolRealArray( 1 ),
"update": 0,
"values": [ Transform( -0.421943, 0.00528425, -0.906606, -0.0238727, -0.999701, 0.00528382, -0.906307, 0.0238729, 0.421943, -0.261331, 0.588154, 1.66047 ) ]
}
tracks/19/type = "value"
tracks/19/path = NodePath("Body/LegR/Position3D:transform")
tracks/19/interp = 1
tracks/19/loop_wrap = true
tracks/19/imported = false
tracks/19/enabled = true
tracks/19/keys = {
"times": PoolRealArray( 0 ),
"transitions": PoolRealArray( 1 ),
"update": 0,
"values": [ Transform( 1, 0, 0, 0, 1, 0, 0, 0, 1, 0, 0, 0 ) ]
}
tracks/20/type = "value"
tracks/20/path = NodePath("Body/LegR/Position3D2:transform")
tracks/20/interp = 1
tracks/20/loop_wrap = true
tracks/20/imported = false
tracks/20/enabled = true
tracks/20/keys = {
"times": PoolRealArray( 0, 4 ),
"transitions": PoolRealArray( 1, 1 ),
"update": 0,
"values": [ Transform( 1, -3.72529e-009, -2.08616e-007, 1.86265e-009, 0.999999, 1.19209e-007, 2.08616e-007, -1.08033e-007, 1, -0.223983, 6.23714, 2.97056 ), Transform( 1, 1.86265e-009, -5.96046e-008, 1.30385e-008, 0.999998, 6.70552e-008, 2.08616e-007, -1.19209e-007, 1, 0.925231, 5.22777, 1.52589 ) ]
}
tracks/21/type = "value"
tracks/21/path = NodePath("Body/LegR/Position3D3:transform")
tracks/21/interp = 1
tracks/21/loop_wrap = true
tracks/21/imported = false
tracks/21/enabled = true
tracks/21/keys = {
"times": PoolRealArray( 0 ),
"transitions": PoolRealArray( 1 ),
"update": 0,
"values": [ Transform( 1, -1.27898e-013, -3.8743e-007, -1.81188e-013, 1, -8.95284e-013, 3.8743e-007, 1.77636e-013, 1, 4.78713, 12.9698, 4.34809 ) ]
}
tracks/22/type = "value"
tracks/22/path = NodePath("PixaVoxet/FramePreview:frame_size")
tracks/22/interp = 1
tracks/22/loop_wrap = true
tracks/22/imported = false
tracks/22/enabled = true
tracks/22/keys = {
"times": PoolRealArray( 0 ),
"transitions": PoolRealArray( 1 ),
"update": 1,
"values": [ 24 ]
}
tracks/23/type = "value"
tracks/23/path = NodePath("Body/Cape:transform")
tracks/23/interp = 1
tracks/23/loop_wrap = true
tracks/23/imported = false
tracks/23/enabled = true
tracks/23/keys = {
"times": PoolRealArray( 0, 4 ),
"transitions": PoolRealArray( 1, 1 ),
"update": 0,
"values": [ Transform( 0.159025, 0.983837, -0.0823776, 0.148888, -0.106384, -0.983115, -0.975979, 0.144076, -0.163399, 0.703245, 5.07625, 0.959027 ), Transform( -0.0127172, 0.994008, -0.108616, 0.139171, -0.105809, -0.9846, -0.990183, -0.027638, -0.136991, -0.823278, 5.31398, 0.127537 ) ]
}
tracks/24/type = "value"
tracks/24/path = NodePath("Body/Cape/Position3D2:transform")
tracks/24/interp = 1
tracks/24/loop_wrap = true
tracks/24/imported = false
tracks/24/enabled = true
tracks/24/keys = {
"times": PoolRealArray( 0 ),
"transitions": PoolRealArray( 1 ),
"update": 0,
"values": [ Transform( 1, 3.27826e-007, 7.45058e-008, 4.17233e-007, 1, -2.34693e-007, 4.91738e-007, 5.96046e-007, 1, 1.20855, 8.83027, 3.16158 ) ]
}
tracks/25/type = "value"
tracks/25/path = NodePath("Body/Cape/Position3D3:transform")
tracks/25/interp = 1
tracks/25/loop_wrap = true
tracks/25/imported = false
tracks/25/enabled = true
tracks/25/keys = {
"times": PoolRealArray( 0 ),
"transitions": PoolRealArray( 1 ),
"update": 0,
"values": [ Transform( -0.173648, 5.96046e-008, -0.984809, -1.15484e-007, 1, -1.49012e-007, 0.984809, 1.86265e-008, -0.173648, 3.0588, 16.7463, 7.12661 ) ]
}
tracks/26/type = "value"
tracks/26/path = NodePath("Body/ArmR:visible")
tracks/26/interp = 1
tracks/26/loop_wrap = true
tracks/26/imported = false
tracks/26/enabled = true
tracks/26/keys = {
"times": PoolRealArray( 0 ),
"transitions": PoolRealArray( 1 ),
"update": 1,
"values": [ false ]
}
tracks/27/type = "value"
tracks/27/path = NodePath("Body/ArmL:visible")
tracks/27/interp = 1
tracks/27/loop_wrap = true
tracks/27/imported = false
tracks/27/enabled = true
tracks/27/keys = {
"times": PoolRealArray( 0 ),
"transitions": PoolRealArray( 1 ),
"update": 1,
"values": [ false ]
}
tracks/28/type = "value"
tracks/28/path = NodePath("Body:visible")
tracks/28/interp = 1
tracks/28/loop_wrap = true
tracks/28/imported = false
tracks/28/enabled = true
tracks/28/keys = {
"times": PoolRealArray( 0 ),
"transitions": PoolRealArray( 1 ),
"update": 1,
"values": [ true ]
}
tracks/29/type = "value"
tracks/29/path = NodePath("Body/ArmL:always_render")
tracks/29/interp = 1
tracks/29/loop_wrap = true
tracks/29/imported = false
tracks/29/enabled = true
tracks/29/keys = {
"times": PoolRealArray( 0 ),
"transitions": PoolRealArray( 1 ),
"update": 1,
"values": [ false ]
}

[sub_resource type="Animation" id=4]

length = 8.0
loop = true
step = 1.0
tracks/0/type = "value"
tracks/0/path = NodePath("Body/LegL:transform")
tracks/0/interp = 1
tracks/0/loop_wrap = true
tracks/0/imported = false
tracks/0/enabled = true
tracks/0/keys = {
"times": PoolRealArray( 0 ),
"transitions": PoolRealArray( 1 ),
"update": 0,
"values": [ Transform( -0.215829, 1.11759e-008, -0.976433, 1.80677e-007, -1, 3.72529e-009, -0.976434, -1.52737e-007, 0.215828, -1.0534, -1.55077, -4.76071 ) ]
}
tracks/1/type = "value"
tracks/1/path = NodePath("Body/LegL/Position3D:transform")
tracks/1/interp = 1
tracks/1/loop_wrap = true
tracks/1/imported = false
tracks/1/enabled = true
tracks/1/keys = {
"times": PoolRealArray( 0 ),
"transitions": PoolRealArray( 1 ),
"update": 0,
