[gd_scene load_steps=27 format=2]

[ext_resource path="res://voxel_models/bodies.scn" type="PackedScene" id=1]
[ext_resource path="res://voxel_models/hats.scn" type="PackedScene" id=2]
[ext_resource path="res://voxel_models/faces.scn" type="PackedScene" id=3]
[ext_resource path="res://voxel_models/Hair.scn" type="PackedScene" id=4]
[ext_resource path="res://voxel_models/back.scn" type="PackedScene" id=5]
[ext_resource path="res://voxel_models/armsR.scn" type="PackedScene" id=6]
[ext_resource path="res://voxel_models/arms.scn" type="PackedScene" id=7]
[ext_resource path="res://voxel_models/Waist.scn" type="PackedScene" id=8]
[ext_resource path="res://voxel_models/cape.scn" type="PackedScene" id=9]
[ext_resource path="res://voxel_models/legs.scn" type="PackedScene" id=10]
[ext_resource path="res://addons/voxel_modeller/voxel_light_source.tscn" type="PackedScene" id=11]
[ext_resource path="res://examples/idle.anim" type="Animation" id=12]
[ext_resource path="res://addons/voxel_modeller/FrameByFrameHelper.gd" type="Script" id=13]
[ext_resource path="res://addons/voxel_modeller/PostProcessPreview.gd" type="Script" id=14]
[ext_resource path="res://default_env.tres" type="Environment" id=15]
[ext_resource path="res://addons/voxel_modeller/frame_bounding_box.gd" type="Script" id=16]

[sub_resource type="Curve3D" id=1]

bake_interval = 0.2
_data = {
"points": PoolVector3Array(  ),
"tilts": PoolRealArray(  )
}

[sub_resource type="Curve3D" id=2]

bake_interval = 0.2
_data = {
"points": PoolVector3Array(  ),
"tilts": PoolRealArray(  )
}

[sub_resource type="Curve3D" id=3]

bake_interval = 0.2
_data = {
"points": PoolVector3Array(  ),
"tilts": PoolRealArray(  )
}

[sub_resource type="Animation" id=9]

resource_name = "entering"
length = 8.0
loop = true
step = 1.0
tracks/0/type = "value"
tracks/0/path = NodePath("Body/LegL:transform")
tracks/0/interp = 1
tracks/0/loop_wrap = true
tracks/0/imported = false
tracks/0/enabled = true
tracks/0/keys = {
"times": PoolRealArray( 0, 4 ),
"transitions": PoolRealArray( 1, 1 ),
"update": 0,
"values": [ Transform( -0.17365, 8.9407e-008, -0.98481, 8.19564e-008, -1, 0, -0.984811, -1.63913e-007, 0.173649, 0.271123, 0.342854, -2.21145 ), Transform( -0.180636, 0.00562641, -0.983537, -0.0143348, -0.999894, -0.00308725, -0.98345, 0.0135413, 0.180697, -1.45459, -0.274626, -1.76035 ) ]
}
tracks/1/type = "value"
tracks/1/path = NodePath("Body/LegL/Position3D:transform")
tracks/1/interp = 1
tracks/1/loop_wrap = true
tracks/1/imported = false
tracks/1/enabled = true
tracks/1/keys = {
"times": PoolRealArray( 0 ),
"transitions": PoolRealArray( 1 ),
"update": 0,
"values": [ Transform( 1, -5.32907e-014, 0, 1.33227e-015, 1, -1.42109e-014, 0, 0, 1, 0, 0, 0 ) ]
}
tracks/2/type = "value"
tracks/2/path = NodePath("Body/LegL/Position3D2:transform")
tracks/2/interp = 1
tracks/2/loop_wrap = true
tracks/2/imported = false
tracks/2/enabled = true
tracks/2/keys = {
"times": PoolRealArray( 0, 3, 4, 7 ),
"transitions": PoolRealArray( 1, 1, 1, 1 ),
"update": 0,
"values": [ Transform( 1, -2.23517e-008, 2.5332e-007, 7.45058e-009, 0.987447, -0.157954, -1.04308e-007, 0.157954, 0.987448, 0.699373, 3.20805, 0.351931 ), Transform( 1, 4.84288e-008, 7.45058e-008, -7.07805e-008, 0.987447, -0.157954, -8.19564e-008, 0.157954, 0.987449, 0.693835, -0.118573, 2.62679 ), Transform( 1, 1.11759e-007, 5.96046e-008, -9.68575e-008, 0.987447, -0.157954, -1.04308e-007, 0.157954, 0.987449, 0.863181, 0.425954, 4.24666 ), Transform( 1, 4.09782e-008, 1.63913e-007, 1.49012e-008, 0.987447, -0.157954, -1.56462e-007, 0.157954, 0.987448, 0.660574, 2.8644, 0.662946 ) ]
}
tracks/3/type = "value"
tracks/3/path = NodePath("Body/LegL/Position3D3:transform")
tracks/3/interp = 1
tracks/3/loop_wrap = true
tracks/3/imported = false
tracks/3/enabled = true
tracks/3/keys = {
"times": PoolRealArray( 0, 3, 4, 6, 7 ),
"transitions": PoolRealArray( 1, 1, 1, 1, 1 ),
"update": 0,
"values": [ Transform( 0.943174, -3.72529e-008, 0.332301, 4.47035e-008, 0.999999, -2.98023e-008, -0.332301, 2.98023e-008, 0.943174, -0.75636, 3.18385, -2.82674 ), Transform( 0.943175, 0, 0.332302, -5.96046e-008, 1, -1.49012e-007, -0.332302, -5.96046e-008, 0.943175, 1.78268, 1.61088, 5.21154 ), Transform( 0.943174, 2.98023e-008, 0.332302, -4.47035e-008, 1, 8.9407e-008, -0.332301, -1.49012e-007, 0.943175, 1.55982, 3.22543, 10.7337 ), Transform( 0.943174, 9.77889e-009, 0.332301, 0, 0.999999, 0, -0.332301, 0, 0.943174, 1.23391, 10.0038, 5.95092 ), Transform( 0.943174, 0, 0.332301, 1.49012e-008, 1, 1.19209e-007, -0.332301, 2.98023e-008, 0.943174, -0.14926, 5.21141, -1.05754 ) ]
}
tracks/4/type = "value"
tracks/4/path = NodePath("Body:transform")
tracks/4/interp = 1
tracks/4/loop_wrap = true
tracks/4/imported = false
tracks/4/enabled = true
tracks/4/keys = {
"times": PoolRealArray( 0, 2, 3, 4, 6, 7 ),
"transitions": PoolRealArray( 1, 1, 1, 1, 1, 1 ),
"update": 0,
"values": [ Transform( 0.884866, -0.465831, 5.32903e-015, 0.465828, 0.884872, 5.23594e-008, -2.43907e-008, -4.63318e-008, 0.999992, 2.39205, 14, -0.87938 ), Transform( 0.884866, -0.465831, 1.66976e-013, 0.465828, 0.884872, -2.44344e-007, 1.13823e-007, 2.16215e-007, 0.999992, 2.53804, 15, -0.879382 ), Transform( 0.884866, -0.465831, 2.48688e-013, 0.465828, 0.884872, -3.92695e-007, 1.8293e-007, 3.47488e-007, 0.999992, 2.61104, 15.5, -0.879384 ), Transform( 0.884866, -0.465831, -1.42107e-014, 0.465828, 0.884872, -5.41048e-007, 2.52037e-007, 4.78762e-007, 0.999992, 2.68404, 14, -0.879385 ), Transform( 0.884866, -0.465831, -5.32903e-014, 0.465828, 0.884872, -2.44344e-007, 1.13823e-007, 2.16215e-007, 0.999992, 2.53804, 15, -0.879382 ), Transform( 0.884866, -0.465831, -4.08559e-014, 0.465828, 0.884872, -9.59927e-008, 4.47165e-008, 8.49419e-008, 0.999992, 2.46505, 15.5, -0.879381 ) ]
}
tracks/5/type = "value"
tracks/5/path = NodePath("Body/Hat:transform")
tracks/5/interp = 1
tracks/5/loop_wrap = true
tracks/5/imported = false
tracks/5/enabled = true
tracks/5/keys = {
"times": PoolRealArray( 0, 4 ),
"transitions": PoolRealArray( 1, 1 ),
"update": 0,
"values": [ Transform( 0.866025, 0.499999, 0, -0.5, 0.866024, 0, 0, 0, 1, -1.72586, 4.23761, -0.182563 ), Transform( 0.866026, 0.5, 0, -0.5, 0.866026, 0, 0, 0, 1, -1.27791, 4.00459, -1.2815e-006 ) ]
}
tracks/6/type = "value"
tracks/6/path = NodePath("Body/Hat/Face:transform")
tracks/6/interp = 1
tracks/6/loop_wrap = true
tracks/6/imported = false
tracks/6/enabled = true
tracks/6/keys = {
"times": PoolRealArray( 0 ),
"transitions": PoolRealArray( 1 ),
"update": 0,
"values": [ Transform( 1, 0, 0, 0, 1, 0, 0, 0, 1, 0, 0, 0 ) ]
}
tracks/7/type = "value"
tracks/7/path = NodePath("Body/Hat/Hair:transform")
tracks/7/interp = 1
tracks/7/loop_wrap = true
tracks/7/imported = false
tracks/7/enabled = true
tracks/7/keys = {
"times": PoolRealArray( 0 ),
"transitions": PoolRealArray( 1 ),
"update": 0,
"values": [ Transform( 1, 0, 0, 0, 1, 0, 0, 0, 1, 0, 0, 0 ) ]
}
tracks/8/type = "value"
tracks/8/path = NodePath("Body/Back:transform")
tracks/8/interp = 1
tracks/8/loop_wrap = true
tracks/8/imported = false
tracks/8/enabled = true
tracks/8/keys = {
"times": PoolRealArray( 0, 2, 4, 6 ),
"transitions": PoolRealArray( 1, 1, 1, 1 ),
"update": 0,
"values": [ Transform( 0.922051, 0.386298, 0.0242556, -0.381835, 0.897562, 0.22041, 0.0633732, -0.212492, 0.975103, 3.71837, -0.131743, 0.141506 ), Transform( 0.919663, 0.389095, -0.0531131, -0.387251, 0.921023, 0.0418464, 0.0652006, -0.0179166, 0.997709, 2.32086, -2.78637, 0.14151 ), Transform( 0.917216, 0.376738, -0.129538, -0.392907, 0.909186, -0.137854, 0.065839, 0.177341, 0.981943, 3.25254, -1.01662, 0.141506 ), Transform( 0.919663, 0.389094, -0.0531137, -0.387251, 0.921023, 0.0418449, 0.0652005, -0.0179149, 0.997709, 2.32086, -2.78637, 0.14151 ) ]
}
tracks/9/type = "value"
tracks/9/path = NodePath("Body/ArmR/Position3D:transform")
tracks/9/interp = 1
tracks/9/loop_wrap = true
tracks/9/imported = false
tracks/9/enabled = true
tracks/9/keys = {
"times": PoolRealArray( 0 ),
"transitions": PoolRealArray( 1 ),
"update": 0,
"values": [ Transform( 1, 0, 0, 0, 1, 0, 0, 0, 1, 0, 0, 0 ) ]
}
tracks/10/type = "value"
tracks/10/path = NodePath("Body/ArmR:transform")
tracks/10/interp = 1
tracks/10/loop_wrap = true
tracks/10/imported = false
tracks/10/enabled = true
tracks/10/keys = {
"times": PoolRealArray( 0 ),
"transitions": PoolRealArray( 1 ),
"update": 0,
"values": [ Transform( -5.96046e-008, 1.86264e-008, -0.999999, -1.49012e-008, 1, -3.72529e-009, 0.999999, 8.9407e-008, -5.96046e-008, 0.680089, 4.87976, 4.72288 ) ]
}
tracks/11/type = "value"
tracks/11/path = NodePath("Body/ArmR/Position3D2:transform")
tracks/11/interp = 1
tracks/11/loop_wrap = true
tracks/11/imported = false
tracks/11/enabled = true
tracks/11/keys = {
"times": PoolRealArray( 0, 4, 6 ),
"transitions": PoolRealArray( 1, 1, 1 ),
"update": 0,
"values": [ Transform( 0.985247, 0.018684, 0.170119, -0.0136191, 0.999429, -0.030891, -0.170599, 0.0281185, 0.984938, 1.30234, -3.38912, -0.693136 ), Transform( 0.985247, 0.0186839, 0.170118, -0.0136191, 0.999429, -0.030891, -0.170599, 0.0281183, 0.984938, 0.973465, -0.216459, 5.40437 ), Transform( 0.985247, 0.0186839, 0.170119, -0.0136191, 0.999429, -0.030891, -0.170599, 0.0281185, 0.984938, 0.661117, -3.84069, 2.5918 ) ]
}
tracks/12/type = "value"
tracks/12/path = NodePath("Body/ArmR/Position3D3:transform")
tracks/12/interp = 1
tracks/12/loop_wrap = true
tracks/12/imported = false
tracks/12/enabled = true
tracks/12/keys = {
"times": PoolRealArray( 0, 4, 6 ),
"transitions": PoolRealArray( 1, 1, 1 ),
"update": 0,
"values": [ Transform( 0.999998, -5.96047e-008, 3.57628e-007, 5.96046e-008, 1, 5.96046e-008, -3.57628e-007, 5.82079e-016, 0.999998, 2.2258, -3.97973, 1.72659 ), Transform( 0.999998, -7.4506e-008, 3.8743e-007, 7.45057e-008, 1, 2.68221e-007, -3.8743e-007, -2.68221e-007, 0.999998, -8.14249, 3.36768, 7.73286 ), Transform( 0.999998, 5.21541e-008, 3.12924e-007, 1.49012e-008, 1, 1.78814e-007, -3.8743e-007, -1.78814e-007, 0.999998, -0.931795, -1.06929, 7.42741 ) ]
}
tracks/13/type = "value"
tracks/13/path = NodePath("Body/ArmL:transform")
tracks/13/interp = 1
tracks/13/loop_wrap = true
tracks/13/imported = false
tracks/13/enabled = true
tracks/13/keys = {
"times": PoolRealArray( 0, 2, 4 ),
"transitions": PoolRealArray( 1, 1, 1 ),
"update": 0,
"values": [ Transform( 0.999999, 8.9407e-008, -1.71363e-007, -8.9407e-008, 0.999999, 2.23517e-008, 1.71363e-007, -2.23517e-008, 0.999999, -0.691397, 4.71379, -4.27892 ), Transform( 1, 1.78816e-007, -2.49595e-007, -1.78812e-007, 1, 7.07807e-008, 2.49595e-007, -7.07802e-008, 1, -0.357019, 4.59586, -3.89062 ), Transform( 1, 1.49012e-007, -3.27827e-007, -1.19209e-007, 1, 1.19209e-007, 3.27826e-007, -1.19209e-007, 1, 0.186334, 4.87487, -4.99768 ) ]
}
tracks/14/type = "value"
tracks/14/path = NodePath("Body/ArmL/Position3D:transform")
tracks/14/interp = 1
tracks/14/loop_wrap = true
tracks/14/imported = false
tracks/14/enabled = true
tracks/14/keys = {
"times": PoolRealArray( 0 ),
"transitions": PoolRealArray( 1 ),
"update": 0,
"values": [ Transform( 1, 0, 0, 0, 1, 0, 0, 0, 1, 0, 0, 0 ) ]
}
tracks/15/type = "value"
tracks/15/path = NodePath("Body/ArmL/Position3D2:transform")
tracks/15/interp = 1
tracks/15/loop_wrap = true
tracks/15/imported = false
tracks/15/enabled = true
tracks/15/keys = {
"times": PoolRealArray( 0, 2, 4 ),
"transitions": PoolRealArray( 1, 1, 1 ),
"update": 0,
"values": [ Transform( 0.886892, 0.461976, -9.83477e-007, -0.461977, 0.886891, -2.98023e-008, 7.45058e-007, 4.59375e-007, 1, -3.06217, -1.87512, -0.561936 ), Transform( 0.886893, 0.461977, -8.56817e-007, -0.461977, 0.886892, -8.56817e-008, 7.37607e-007, 4.72864e-007, 1, -1.68343, -3.09522, -0.358085 ), Transform( 0.886893, 0.461976, -8.34771e-007, -0.461977, 0.886892, -1.18836e-007, 6.85453e-007, 4.91039e-007, 1, 0.786206, -2.22106, 0.845773 ) ]
}
tracks/16/type = "value"
tracks/16/path = NodePath("Body/ArmL/Position3D3:transform")
tracks/16/interp = 1
tracks/16/loop_wrap = true
tracks/16/imported = false
tracks/16/enabled = true
tracks/16/keys = {
"times": PoolRealArray( 0, 2, 4 ),
"transitions": PoolRealArray( 1, 1, 1 ),
"update": 0,
"values": [ Transform( 0.914959, 0.403551, -9.04197e-007, -0.403552, 0.914957, -7.15403e-010, 8.27014e-007, 3.65544e-007, 1, -3.24445, 1.07745, 0.691012 ), Transform( 0.914959, 0.403552, -8.41916e-007, -0.403553, 0.914958, -2.23517e-008, 7.97212e-007, 3.61819e-007, 1, -4.49925, -3.87178, -0.36217 ), Transform( 0.91496, 0.403552, -7.7486e-007, -0.403553, 0.914958, -1.49012e-008, 7.45058e-007, 4.28408e-007, 1, -1.35295, -5.90566, -0.514666 ) ]
}
tracks/17/type = "value"
tracks/17/path = NodePath("Body/Waist:transform")
tracks/17/interp = 1
tracks/17/loop_wrap = true
tracks/17/imported = false
tracks/17/enabled = true
tracks/17/keys = {
"times": PoolRealArray( 0, 2, 4, 6, 8 ),
"transitions": PoolRealArray( 1, 1, 1, 1, 1 ),
"update": 0,
"values": [ Transform( 0.957364, 0.234556, 0.168625, -0.237049, 0.971481, -0.00547174, -0.165099, -0.0347374, 0.985664, 0.552109, -0.343368, -5.41805 ), Transform( 0.810415, 0.57584, -0.107872, -0.584864, 0.784517, -0.206082, -0.0340403, 0.230102, 0.972571, -0.665612, 0.297676, -5.48938 ), Transform( 0.964348, 0.245487, 0.0988408, -0.234279, 0.965635, -0.11254, -0.123071, 0.0853727, 0.988719, -1.3027, 0.633069, -5.22733 ), Transform( 0.847208, 0.526034, 0.0743405, -0.516355, 0.848255, -0.117665, -0.124955, 0.0613002, 0.990266, -0.915003, 0.42897, -5.44718 ), Transform( 0.830621, 0.219988, 0.511538, -0.151712, 0.973305, -0.172223, -0.53577, 0.0654456, 0.841823, 0.177629, -0.146231, -5.43999 ) ]
}
tracks/18/type = "value"
tracks/18/path = NodePath("Body/LegR:transform")
tracks/18/interp = 1
tracks/18/loop_wrap = true
tracks/18/imported = false
tracks/18/enabled = true
tracks/18/keys = {
"times": PoolRealArray( 0, 2, 4 ),
"transitions": PoolRealArray( 1, 1, 1 ),
"update": 0,
"values": [ Transform( 2.38419e-007, -0.0893159, -0.996004, -1.37836e-007, -0.996004, 0.0893159, -1, 1.22935e-007, -1.19209e-007, -1.84328, -2.00389, 1.83854 ), Transform( 0.236159, -0.10167, -0.966383, -0.124322, -0.989501, 0.0737209, -0.963729, 0.102733, -0.246319, -0.238968, -0.437874, 2.70348 ), Transform( 3.57629e-007, -0.0893161, -0.996006, -1.8254e-007, -0.996006, 0.089316, -1, 1.52737e-007, -3.57629e-007, 0.899506, 0.243264, 1.56841 ) ]
}
tracks/19/type = "value"
tracks/19/path = NodePath("Body/LegR/Position3D:transform")
tracks/19/interp = 1
tracks/19/loop_wrap = true
tracks/19/imported = false
tracks/19/enabled = true
tracks/19/keys = {
"times": PoolRealArray( 0 ),
"transitions": PoolRealArray( 1 ),
"update": 0,
"values": [ Transform( 1, 0, 0, 0, 1, 0, 0, 0, 1, 0, 0, 0 ) ]
}
tracks/20/type = "value"
tracks/20/path = NodePath("Body/LegR/Position3D2:transform")
tracks/20/interp = 1
tracks/20/loop_wrap = true
tracks/20/imported = false
tracks/20/enabled = true
tracks/20/keys = {
"times": PoolRealArray( 0, 4, 6, 7 ),
"transitions": PoolRealArray( 1, 1, 1, 1 ),
"update": 0,
"values": [ Transform( 1, -5.88162e-008, -6.52701e-008, 3.1665e-008, 0.934218, -0.356704, 8.19564e-008, 0.356704, 0.934218, -0.0350011, -1.08678, 2.99065 ), Transform( 1, -1.85023e-007, -2.50572e-008, 1.63913e-007, 0.934218, -0.356704, 8.94072e-008, 0.356704, 0.934219, -0.881151, 3.7887, 0.342599 ), Transform( 1, -1.13621e-007, -4.47035e-008, 7.82311e-008, 0.934218, -0.356704, 8.9407e-008, 0.356704, 0.934218, 0.0419269, 2.20413, 2.56421 ), Transform( 1, -6.74045e-008, -4.84288e-008, 4.09782e-008, 0.934218, -0.356704, 6.70552e-008, 0.356704, 0.934218, -0.0937555, 0.248077, 4.82106 ) ]
}
tracks/21/type = "value"
tracks/21/path = NodePath("Body/LegR/Position3D3:transform")
tracks/21/interp = 1
tracks/21/loop_wrap = true
tracks/21/imported = false
tracks/21/enabled = true
tracks/21/keys = {
"times": PoolRealArray( 0, 1, 2, 4, 6, 7 ),
"transitions": PoolRealArray( 1, 1, 1, 1, 1, 1 ),
"update": 0,
"values": [ Transform( 1, -6.61655e-008, -7.74996e-008, 3.1665e-008, 0.924644, -0.380834, 9.68574e-008, 0.380834, 0.924644, -0.0210021, 0.0231323, 6.21804 ), Transform( 1, -7.16855e-008, -7.10133e-008, 3.92902e-008, 0.924644, -0.380834, 9.28994e-008, 0.380834, 0.924645, -0.131818, 2.91592, 5.84583 ), Transform( 1, -1.0102e-007, -1.03433e-007, 5.40172e-008, 0.924644, -0.380834, 1.3411e-007, 0.380834, 0.924644, -0.142256, 4.25758, 2.58282 ), Transform( 1, -2.46423e-007, -2.8528e-007, 1.19209e-007, 0.924644, -0.380834, 3.57628e-007, 0.380834, 0.924645, -0.336533, 3.9489, -5.64869 ), Transform( 1, -1.3964e-007, -1.93715e-007, 6.70552e-008, 0.924644, -0.380834, 1.93715e-007, 0.380834, 0.924644, 0.226314, 4.02594, 0.371543 ), Transform( 1, -8.15053e-008, -9.31323e-008, 4.09782e-008, 0.924645, -0.380835, 1.19209e-007, 0.380835, 0.924645, -0.0187762, 1.35106, 5.72839 ) ]
}

[sub_resource type="Animation" id=4]

resource_name = "walk"
length = 8.0
loop = true
step = 1.0
tracks/0/type = "value"
tracks/0/path = NodePath("Body/LegL:transform")
tracks/0/interp = 1
tracks/0/loop_wrap = true
tracks/0/imported = false
tracks/0/enabled = true
tracks/0/keys = {
"times": PoolRealArray( 0, 4, 6 ),
"transitions": PoolRealArray( 1, 1, 1 ),
"update": 0,
"values": [ Transform( -0.17365, 1.49012e-007, -0.98481, 9.68575e-008, -1, -1.19209e-007, -0.984811, -1.00583e-007, 0.17365, -0.194713, -0.542022, -2.21145 ), Transform( -0.180636, 0.00562611, -0.983537, -0.0143348, -0.999894, -0.0030871, -0.98345, 0.0135412, 0.180697, -1.08891, -1.59724, -2.10237 ), Transform( -0.252537, 0.00174665, -0.967588, 0.0325198, -0.999419, -0.0102917, -0.967045, -0.0340651, 0.252333, -0.641812, -1.06963, -2.15691 ) ]
}
tracks/1/type = "value"
tracks/1/path = NodePath("Body/LegL/Position3D:transform")
tracks/1/interp = 1
tracks/1/loop_wrap = true
tracks/1/imported = false
tracks/1/enabled = true
tracks/1/keys = {
"times": PoolRealArray( 0 ),
"transitions": PoolRealArray( 1 ),
"update": 0,
"values": [ Transform( 1, -5.32907e-014, 0, 1.33227e-015, 1, -1.42109e-014, 0, 0, 1, 0, 0, 0 ) ]
}
tracks/2/type = "value"
tracks/2/path = NodePath("Body/LegL/Position3D2:transform")
tracks/2/interp = 1
tracks/2/loop_wrap = true
tracks/2/imported = false
tracks/2/enabled = true
tracks/2/keys = {
"times": PoolRealArray( 0, 3, 4, 7 ),
"transitions": PoolRealArray( 1, 1, 1, 1 ),
"update": 0,
"values": [ Transform( 1, -2.23517e-008, 2.5332e-007, 7.45058e-009, 0.987447, -0.157954, -1.04308e-007, 0.157954, 0.987448, 0.699373, 3.20805, 0.351931 ), Transform( 1, 4.84288e-008, 7.45058e-008, -7.07805e-008, 0.987447, -0.157954, -8.19564e-008, 0.157954, 0.987449, 0.693835, -0.118573, 2.62679 ), Transform( 1, 1.11759e-007, 5.96046e-008, -9.68575e-008, 0.987447, -0.157954, -1.04308e-007, 0.157954, 0.987449, 0.863181, 0.425954, 4.24666 ), Transform( 1, 4.09782e-008, 1.63913e-007, 1.49012e-008, 0.987447, -0.157954, -1.56462e-007, 0.157954, 0.987448, 0.660574, 2.8644, 0.662946 ) ]
}
tracks/3/type = "value"
tracks/3/path = NodePath("Body/LegL/Position3D3:transform")
tracks/3/interp = 1
tracks/3/loop_wrap = true
tracks/3/imported = false
tracks/3/enabled = true
tracks/3/keys = {
"times": PoolRealArray( 0, 3, 4, 6, 7 ),
"transitions": PoolRealArray( 1, 1, 1, 1, 1 ),
"update": 0,
"values": [ Transform( 0.943174, -3.72529e-008, 0.332301, 4.47035e-008, 0.999999, -2.98023e-008, -0.332301, 2.98023e-008, 0.943174, -0.75636, 3.18385, -2.82674 ), Transform( 0.943175, 0, 0.332302, -5.96046e-008, 1, -1.49012e-007, -0.332302, -5.96046e-008, 0.943175, 1.78268, 1.61088, 5.21154 ), Transform( 0.943174, 2.98023e-008, 0.332302, -4.47035e-008, 1, 8.9407e-008, -0.332301, -1.49012e-007, 0.943175, 1.55982, 3.22543, 10.7337 ), Transform( 0.943174, 9.77889e-009, 0.332301, 0, 0.999999, 0, -0.332301, 0, 0.943174, 1.23391, 10.0038, 5.95092 ), Transform( 0.943174, 0, 0.332301, 1.49012e-008, 1, 1.19209e-007, -0.332301, 2.98023e-008, 0.943174, -0.14926, 5.21141, -1.05754 ) ]
}
tracks/4/type = "value"
tracks/4/path = NodePath("Body:transform")
tracks/4/interp = 1
tracks/4/loop_wrap = true
tracks/4/imported = false
tracks/4/enabled = true
tracks/4/keys = {
"times": PoolRealArray( 0, 2, 3, 4, 6, 7 ),
"transitions": PoolRealArray( 1, 1, 1, 1, 1, 1 ),
"update": 0,
"values": [ Transform( -0.0458032, 0.0241127, 0.998651, 0.465828, 0.884872, 0, -0.88368, 0.465206, -0.0517624, 0.68404, 15, -1.87938 ), Transform( 0.0428387, -0.0225498, 0.998819, 0.465828, 0.884872, -2.05634e-006, -0.883829, 0.465285, 0.0484112, 0.68404, 16.2781, -1.62938 ), Transform( 0.174713, -0.0919735, 0.980306, 0.465828, 0.884872, -2.48847e-006, -0.867447, 0.456661, 0.197443, 0.68404, 16.639, -1.25438 ), Transform( 0.302642, -0.159323, 0.939685, 0.465828, 0.884872, -5.06635e-007, -0.831502, 0.437738, 0.342017, 0.68404, 15, -0.879385 ), Transform( 0.131047, -0.0689867, 0.988965, 0.465828, 0.884872, -1.81793e-006, -0.875109, 0.460694, 0.148096, 0.68404, 16, -1.37938 ), Transform( 0.0428408, -0.0225503, 0.998819, 0.465828, 0.884872, -2.59278e-006, -0.883829, 0.465285, 0.0484132, 0.68404, 16.5, -1.62938 ) ]
}
tracks/5/type = "value"
tracks/5/path = NodePath("Body/Hat:transform")
tracks/5/interp = 1
tracks/5/loop_wrap = true
tracks/5/imported = false
tracks/5/enabled = true
tracks/5/keys = {
"times": PoolRealArray( 0, 1, 2, 3, 4, 5, 6, 7 ),
"transitions": PoolRealArray( 1, 1, 1, 1, 1, 1, 1, 1 ),
"update": 0,
"values": [ Transform( 0.810893, 0.447063, -0.377603, -0.478834, 0.877834, 0.0110302, 0.336404, 0.171865, 0.925902, -2.60955, 4.70282, -0.234325 ), Transform( 0.846839, 0.448257, -0.28623, -0.453887, 0.889634, 0.0503668, 0.277217, 0.087263, 0.956837, -1.7417, 4.24666, -0.113875 ), Transform( 0.876498, 0.441069, -0.192895, -0.431358, 0.897469, 0.0920803, 0.213731, 0.00249847, 0.97689, -1.47565, 4.10729, 0.00543648 ), Transform( 0.905875, 0.421201, -0.0445074, -0.414858, 0.903555, 0.10715, 0.0853467, -0.0786003, 0.993247, -1.42933, 4.08361, 0.0910587 ), Transform( 0.915636, 0.401981, -0.0047527, -0.394586, 0.900926, 0.180649, 0.0768993, -0.163533, 0.983537, -2.10943, 4.44234, 0.342022 ), Transform( 0.899521, 0.425582, -0.0986992, -0.411513, 0.901248, 0.135679, 0.146695, -0.0814301, 0.985825, -1.35997, 4.0471, -0.00159341 ), Transform( 0.876498, 0.441069, -0.192895, -0.431358, 0.897469, 0.0920803, 0.213731, 0.00249836, 0.97689, -1.48437, 4.11189, -0.0942499 ), Transform( 0.84684, 0.448257, -0.28623, -0.453887, 0.889634, 0.0503669, 0.277217, 0.0872629, 0.956838, -2.74852, 4.77669, -0.125858 ) ]
}
tracks/6/type = "value"
tracks/6/path = NodePath("Body/Hat/Face:transform")
tracks/6/interp = 1
tracks/6/loop_wrap = true
tracks/6/imported = false
tracks/6/enabled = true
tracks/6/keys = {
"times": PoolRealArray( 0 ),
"transitions": PoolRealArray( 1 ),
"update": 0,
"values": [ Transform( 1, 0, 0, 0, 1, 0, 0, 0, 1, 0, 0, 0 ) ]
}
tracks/7/type = "value"
tracks/7/path = NodePath("Body/Hat/Hair:transform")
tracks/7/interp = 1
tracks/7/loop_wrap = true
tracks/7/imported = false
tracks/7/enabled = true
tracks/7/keys = {
"times": PoolRealArray( 0 ),
"transitions": PoolRealArray( 1 ),
"update": 0,
"values": [ Transform( 1, 0, 0, 0, 1, 0, 0, 0, 1, 0, 0, 0 ) ]
}
tracks/8/type = "value"
tracks/8/path = NodePath("Body/Back:transform")
tracks/8/interp = 1
tracks/8/loop_wrap = true
tracks/8/imported = false
tracks/8/enabled = true
tracks/8/keys = {
"times": PoolRealArray( 0, 2, 4, 6 ),
"transitions": PoolRealArray( 1, 1, 1, 1 ),
"update": 0,
"values": [ Transform( 0.922051, 0.386298, 0.0242556, -0.381835, 0.897562, 0.22041, 0.0633732, -0.212492, 0.975103, 3.71837, -0.131743, 0.141506 ), Transform( 0.919663, 0.389095, -0.0531131, -0.387251, 0.921023, 0.0418464, 0.0652006, -0.0179166, 0.997709, 2.32086, -2.78637, 0.14151 ), Transform( 0.917216, 0.376738, -0.129538, -0.392907, 0.909186, -0.137854, 0.065839, 0.177341, 0.981943, 3.25254, -1.01662, 0.141506 ), Transform( 0.919663, 0.389094, -0.0531137, -0.387251, 0.921023, 0.0418449, 0.0652005, -0.0179149, 0.997709, 2.32086, -2.78637, 0.14151 ) ]
}
tracks/9/type = "value"
tracks/9/path = NodePath("Body/ArmR/Position3D:transform")
tracks/9/interp = 1
tracks/9/loop_wrap = true
tracks/9/imported = false
tracks/9/enabled = true
tracks/9/keys = {
"times": PoolRealArray( 0 ),
"transitions": PoolRealArray( 1 ),
"update": 0,
"values": [ Transform( 1, 0, 0, 0, 1, 0, 0, 0, 1, 0, 0, 0 ) ]
}
tracks/10/type = "value"
tracks/10/path = NodePath("Body/ArmR:transform")
tracks/10/interp = 1
tracks/10/loop_wrap = true
tracks/10/imported = false
tracks/10/enabled = true
tracks/10/keys = {
"times": PoolRealArray( 0 ),
"transitions": PoolRealArray( 1 ),
"update": 0,
"values": [ Transform( -5.96046e-008, 1.86264e-008, -0.999999, -1.49012e-008, 1, -3.72529e-009, 0.999999, 8.9407e-008, -5.96046e-008, 0.680089, 4.87976, 4.72288 ) ]
}
tracks/11/type = "value"
tracks/11/path = NodePath("Body/ArmR/Position3D2:transform")
tracks/11/interp = 1
tracks/11/loop_wrap = true
tracks/11/imported = false
tracks/11/enabled = true
tracks/11/keys = {
"times": PoolRealArray( 0, 4, 6 ),
"transitions": PoolRealArray( 1, 1, 1 ),
"update": 0,
"values": [ Transform( 0.985247, 0.018684, 0.170119, -0.0136191, 0.999429, -0.030891, -0.170599, 0.0281185, 0.984938, 1.30234, -3.38912, -0.693136 ), Transform( 0.985247, 0.0186839, 0.170119, -0.0136191, 0.999429, -0.030891, -0.170599, 0.0281184, 0.984938, 0.0762987, -1.275, 5.96163 ), Transform( 0.985247, 0.0186839, 0.170119, -0.0136191, 0.999429, -0.030891, -0.170599, 0.0281185, 0.984938, 0.661117, -3.84069, 2.5918 ) ]
}
tracks/12/type = "value"
tracks/12/path = NodePath("Body/ArmR/Position3D3:transform")
tracks/12/interp = 1
tracks/12/loop_wrap = true
tracks/12/imported = false
tracks/12/enabled = true
tracks/12/keys = {
"times": PoolRealArray( 0, 4, 6 ),
"transitions": PoolRealArray( 1, 1, 1 ),
"update": 0,
"values": [ Transform( 0.999998, 2.98023e-007, 3.8743e-007, 5.96046e-008, 1, 1.31316e-007, -3.57628e-007, -4.65664e-009, 0.999998, 2.2258, -5.30292, 2.42317 ), Transform( 0.999998, -1.04308e-007, 3.8743e-007, 7.45058e-008, 1, 2.98023e-007, -3.8743e-007, -2.68221e-007, 0.999998, -5.00246, 4.69088, 7.03627 ), Transform( 0.999998, 5.21541e-008, 3.12924e-007, 1.49012e-008, 1, 1.78814e-007, -3.8743e-007, -1.78814e-007, 0.999998, -0.931795, -1.06929, 7.42741 ) ]
}
tracks/13/type = "value"
tracks/13/path = NodePath("Body/ArmL:transform")
tracks/13/interp = 1
tracks/13/loop_wrap = true
tracks/13/imported = false
tracks/13/enabled = true
tracks/13/keys = {
"times": PoolRealArray( 0, 4 ),
"transitions": PoolRealArray( 1, 1 ),
"update": 0,
"values": [ Transform( 0.999999, 1.49012e-007, -1.49012e-008, -2.98023e-008, 0.999999, -5.40167e-008, 1.71363e-007, -2.23517e-008, 0.999999, -0.90037, 4.31684, -4.27892 ), Transform( 1, 1.19209e-007, -8.9407e-008, -1.78814e-007, 0.999999, -7.45058e-008, 3.27826e-007, -1.19209e-007, 1, -0.279502, 3.99, -4.99767 ) ]
}
tracks/14/type = "value"
tracks/14/path = NodePath("Body/ArmL/Position3D:transform")
tracks/14/interp = 1
tracks/14/loop_wrap = true
tracks/14/imported = false
tracks/14/enabled = true
tracks/14/keys = {
"times": PoolRealArray( 0 ),
"transitions": PoolRealArray( 1 ),
"update": 0,
"values": [ Transform( 1, 0, 0, 0, 1, 0, 0, 0, 1, 0, 0, 0 ) ]
}
tracks/15/type = "value"
tracks/15/path = NodePath("Body/ArmL/Position3D2:transform")
tracks/15/interp = 1
tracks/15/loop_wrap = true
tracks/15/imported = false
tracks/15/enabled = true
tracks/15/keys = {
"times": PoolRealArray( 0, 2, 4 ),
"transitions": PoolRealArray( 1, 1, 1 ),
"update": 0,
"values": [ Transform( 0.886892, 0.461976, -9.83477e-007, -0.461977, 0.886891, -2.98023e-008, 7.45058e-007, 4.59375e-007, 1, -3.06217, -1.87512, -0.561936 ), Transform( 0.886893, 0.461977, -8.56817e-007, -0.461977, 0.886892, -8.56817e-008, 7.37607e-007, 4.72864e-007, 1, -1.68343, -3.09522, -0.358085 ), Transform( 0.886893, 0.461977, -8.34465e-007, -0.461977, 0.886891, -8.9407e-008, 6.85453e-007, 4.9104e-007, 1, 0.786206, -2.22106, -0.154235 ) ]
}
tracks/16/type = "value"
tracks/16/path = NodePath("Body/ArmL/Position3D3:transform")
tracks/16/interp = 1
tracks/16/loop_wrap = true
tracks/16/imported = false
tracks/16/enabled = true
tracks/16/keys = {
"times": PoolRealArray( 0, 2, 4 ),
"transitions": PoolRealArray( 1, 1, 1 ),
"update": 0,
"values": [ Transform( 0.914959, 0.403551, -8.86619e-007, -0.403552, 0.914957, -1.11759e-008, 8.27014e-007, 3.65544e-007, 1, -3.24445, 1.07745, -0.308998 ), Transform( 0.914959, 0.403552, -8.41916e-007, -0.403553, 0.914958, -2.23517e-008, 7.97212e-007, 3.61819e-007, 1, -4.49925, -3.87178, -0.36217 ), Transform( 0.91496, 0.403552, -7.7486e-007, -0.403553, 0.914958, -1.49012e-008, 7.45058e-007, 4.28408e-007, 1, -1.35295, -5.90566, -0.514666 ) ]
}
tracks/17/type = "value"
tracks/17/path = NodePath("Body/Waist:transform")
tracks/17/interp = 1
tracks/17/loop_wrap = true
tracks/17/imported = false
tracks/17/enabled = true
tracks/17/keys = {
"times": PoolRealArray( 0, 2, 4, 6, 8 ),
"transitions": PoolRealArray( 1, 1, 1, 1, 1 ),
"update": 0,
"values": [ Transform( 0.957364, 0.234556, 0.168625, -0.237049, 0.971481, -0.00547174, -0.165099, -0.0347374, 0.985664, 0.552109, -0.343368, -5.41805 ), Transform( 0.810415, 0.57584, -0.107872, -0.584864, 0.784517, -0.206082, -0.0340403, 0.230102, 0.972571, -0.665612, 0.297676, -5.48938 ), Transform( 0.964348, 0.245487, 0.0988408, -0.234279, 0.965635, -0.11254, -0.123071, 0.0853727, 0.988719, -1.3027, 0.633069, -5.22733 ), Transform( 0.847208, 0.526034, 0.0743405, -0.516355, 0.848255, -0.117665, -0.124955, 0.0613002, 0.990266, -0.915003, 0.42897, -5.44718 ), Transform( 0.830621, 0.219988, 0.511538, -0.151712, 0.973305, -0.172223, -0.53577, 0.0654456, 0.841823, 0.177629, -0.146231, -5.43999 ) ]
}
tracks/18/type = "value"
tracks/18/path = NodePath("Body/LegR:transform")
tracks/18/interp = 1
tracks/18/loop_wrap = true
tracks/18/imported = false
tracks/18/enabled = true
tracks/18/keys = {
"times": PoolRealArray( 0, 4 ),
"transitions": PoolRealArray( 1, 1 ),
"update": 0,
"values": [ Transform( 3.53903e-007, -0.0893157, -0.996003, -1.47149e-007, -0.996004, 0.0893157, -1, 1.15484e-007, -3.42727e-007, -0.493752, -1.58422, 1.8903 ), Transform( 3.57628e-007, -0.089316, -0.996005, -1.78814e-007, -0.996005, 0.0893159, -1, 1.78814e-007, -3.8743e-007, -0.0321622, -1.52648, 1.56841 ) ]
}
tracks/19/type = "value"
tracks/19/path = NodePath("Body/LegR/Position3D:transform")
tracks/19/interp = 1
tracks/19/loop_wrap = true
tracks/19/imported = false
tracks/19/enabled = true
tracks/19/keys = {
"times": PoolRealArray( 0 ),
"transitions": PoolRealArray( 1 ),
"update": 0,
"values": [ Transform( 1, 0, 0, 0, 1, 0, 0, 0, 1, 0, 0, 0 ) ]
}
tracks/20/type = "value"
tracks/20/path = NodePath("Body/LegR/Position3D2:transform")
tracks/20/interp = 1
tracks/20/loop_wrap = true
tracks/20/imported = false
tracks/20/enabled = true
tracks/20/keys = {
"times": PoolRealArray( 0, 4, 6, 7 ),
"transitions": PoolRealArray( 1, 1, 1, 1 ),
"update": 0,
"values": [ Transform( 1, -3.25963e-009, -2.98023e-008, 3.1665e-008, 0.934218, -0.356704, 8.19564e-008, 0.356704, 0.934218, -0.035001, -0.163837, 3.37559 ), Transform( 1, -6.51926e-009, 1.19209e-007, 1.63913e-007, 0.934218, -0.356704, 8.9407e-008, 0.356704, 0.934218, 0.118857, 2.48082, 0.880609 ), Transform( 1, -1.13621e-007, -4.47035e-008, 7.82311e-008, 0.934218, -0.356704, 8.9407e-008, 0.356704, 0.934218, 0.0419269, 2.20413, 2.56421 ), Transform( 1, -6.74045e-008, -4.84288e-008, 4.09782e-008, 0.934218, -0.356704, 6.70552e-008, 0.356704, 0.934218, -0.0937555, 0.248077, 4.82106 ) ]
}
tracks/21/type = "value"
tracks/21/path = NodePath("Body/LegR/Position3D3:transform")
tracks/21/interp = 1
tracks/21/loop_wrap = true
tracks/21/imported = false
tracks/21/enabled = true
tracks/21/keys = {
"times": PoolRealArray( 0, 1, 2, 4, 6, 7 ),
"transitions": PoolRealArray( 1, 1, 1, 1, 1, 1 ),
"update": 0,
"values": [ Transform( 1, -3.87081e-009, 1.49012e-008, 3.1665e-008, 0.924644, -0.380835, 9.68575e-008, 0.380834, 0.924644, -0.0210018, 1.86902, 6.98792 ), Transform( 1, -7.16855e-008, -7.10133e-008, 3.92902e-008, 0.924644, -0.380834, 9.28994e-008, 0.380834, 0.924645, -0.131818, 2.91592, 5.84583 ), Transform( 1, -9.97097e-008, -1.00583e-007, 5.40167e-008, 0.924644, -0.380834, 1.3411e-007, 0.380834, 0.924644, -0.142257, 4.67303, 2.75609 ), Transform( 1, -6.78701e-008, 5.96046e-008, 1.19209e-007, 0.924644, -0.380835, 3.57628e-007, 0.380834, 0.924644, -0.336534, 1.48621, -2.34184 ), Transform( 1, -1.3964e-007, -1.93715e-007, 6.70552e-008, 0.924644, -0.380834, 1.93715e-007, 0.380834, 0.924644, 0.226314, 4.02594, 0.371543 ), Transform( 1, -8.15053e-008, -9.31323e-008, 4.09782e-008, 0.924645, -0.380835, 1.19209e-007, 0.380835, 0.924645, -0.0187762, 1.35106, 5.72839 ) ]
}

[sub_resource type="SpatialMaterial" id=8]

render_priority = 0
flags_transparent = true
flags_unshaded = true
flags_vertex_lighting = false
flags_no_depth_test = false
flags_use_point_size = false
flags_world_triplanar = false
flags_fixed_size = false
flags_albedo_tex_force_srgb = true
vertex_color_use_as_albedo = false
vertex_color_is_srgb = false
params_diffuse_mode = 0
params_specular_mode = 0
params_blend_mode = 0
params_cull_mode = 0
params_depth_draw_mode = 0
params_line_width = 1.0
params_point_size = 1.0
params_billboard_mode = 1
params_grow = false
params_use_alpha_scissor = false
albedo_color = Color( 1, 1, 1, 1 )
metallic = 0.0
metallic_specular = 0.5
metallic_texture_channel = 0
roughness = 0.0
roughness_texture_channel = 0
emission_enabled = false
normal_enabled = false
rim_enabled = false
clearcoat_enabled = false
anisotropy_enabled = false
ao_enabled = false
depth_enabled = false
subsurf_scatter_enabled = false
transmission_enabled = false
refraction_enabled = false
detail_enabled = false
uv1_scale = Vector3( 1, 1, 1 )
uv1_offset = Vector3( 0, 0, 0 )
uv1_triplanar = false
uv1_triplanar_sharpness = 1.0
uv2_scale = Vector3( 1, 1, 1 )
uv2_offset = Vector3( 0, 0, 0 )
uv2_triplanar = false
uv2_triplanar_sharpness = 1.0
proximity_fade_enable = false
distance_fade_enable = false
_sections_unfolded = [ "Albedo", "Flags", "Parameters" ]

[sub_resource type="Image" id=10]

data = {
